0 1 0.000000 0.132950 0.276701 0.049957 0.962397
1 1 0.000000 0.164756 0.342694 0.025751 0.983086
2 1 0.000000 0.554145 0.079399 0.025751 0.983086
3 1 0.000000 0.510787 0.372579 0.025751 0.983086
4 1 0.000000 0.457111 0.346537 0.025751 0.983086
5 1 0.000000 0.570372 0.326516 0.025751 0.983086
6 1 0.000000 0.534020 0.104478 0.025751 0.983086
7 1 0.000000 0.357594 0.172531 0.025751 0.983086
8 1 0.000000 0.279925 0.174390 0.025751 0.983086
9 1 0.000000 0.260717 0.385542 0.025751 0.983086
10 1 0.000000 0.229655 0.138234 0.025751 0.983086
11 1 0.000000 0.985249 0.020557 0.025751 0.983086
12 1 0.000000 0.592961 0.165352 0.025751 0.983086
13 1 0.000000 0.756524 0.362177 0.043776 0.967266
14 1 0.000000 0.785301 0.248652 0.025751 0.983086
15 1 0.000000 0.077217 0.260325 0.025751 0.983086
16 1 0.000000 0.142151 0.281397 0.036823 0.972546
17 1 0.000000 0.588358 0.255742 0.025751 0.983086
18 1 0.000000 0.706449 0.429286 0.025751 0.983086
19 1 0.000000 0.166253 0.263978 0.025751 0.983086
20 1 0.000000 0.907208 0.016309 0.025751 0.983086
21 1 0.000000 0.721939 0.343287 0.025751 0.983086
22 1 0.000000 0.619044 0.233135 0.043777 0.967265
23 1 0.000000 0.747571 0.363910 0.036567 0.972790
24 1 0.000000 0.638526 0.265462 0.027811 0.981125
25 1 0.000000 0.677545 0.220247 0.025751 0.983086
26 1 0.000000 0.548486 0.146508 0.025751 0.983086
27 1 0.000000 0.646965 0.129861 0.025751 0.983086
28 1 0.000000 0.624992 0.238262 0.047897 0.964277
29 1 0.000000 0.601215 0.196648 0.025751 0.983086
0 1 1.000000 0.123745 0.271612 0.007261 0.995240
1 1 1.000000 0.160110 0.333158 0.004026 0.997432
2 1 1.000000 0.548326 0.070169 0.004113 0.997372
3 1 1.000000 0.520738 0.377383 0.005733 0.996275
4 1 1.000000 0.466777 0.351444 0.005182 0.996649
5 1 1.000000 0.570943 0.337448 0.005192 0.996642
6 1 1.000000 0.526169 0.096759 0.004551 0.997076
7 1 1.000000 0.368134 0.169520 0.002658 0.998358
8 1 1.000000 0.288974 0.168273 0.002823 0.998247
9 1 1.000000 0.252221 0.378671 0.002139 0.998710
10 1 1.000000 0.239211 0.133184 0.002893 0.998199
11 1 1.000000 0.976030 0.025806 0.003685 0.997662
12 1 1.000000 0.584669 0.158232 0.007507 0.995073
13 1 1.000000 0.757826 0.373016 0.004913 0.996831
14 1 1.000000 0.783193 0.259248 0.002153 0.998700
15 1 1.000000 0.068968 0.267502 0.005647 0.996334
16 1 1.000000 0.132912 0.276034 0.007114 0.995340
17 1 1.000000 0.592712 0.264895 0.007083 0.995361
18 1 1.000000 0.715013 0.435966 0.003228 0.997972
19 1 1.000000 0.155863 0.261280 0.005288 0.996577
20 1 1.000000 0.896508 0.018356 0.003720 0.997639
21 1 1.000000 0.726032 0.353333 0.003737 0.997627
22 1 1.000000 0.612744 0.238099 0.007225 0.995264
23 1 1.000000 0.749586 0.374656 0.004772 0.996926
24 1 1.000000 0.643197 0.275506 0.007083 0.995360
25 1 1.000000 0.672114 0.229515 0.004351 0.997211
26 1 1.000000 0.540671 0.138847 0.006756 0.995582
27 1 1.000000 0.636300 0.127825 0.004161 0.997340
28 1 1.000000 0.623114 0.248284 0.007337 0.995188
29 1 1.000000 0.593785 0.188689 0.008195 0.994607
0 1 2.000000 0.115162 0.269192 0.005500 0.996433
1 1 2.000000 0.158540 0.324088 0.003679 0.997666
2 1 2.000000 0.542113 0.062494 0.004056 0.997411
3 1 2.000000 0.529711 0.381786 0.004536 0.997086
4 1 2.000000 0.475662 0.355861 0.004173 0.997332
5 1 2.000000 0.571510 0.347395 0.005024 0.996755
6 1 2.000000 0.519126 0.089627 0.004146 0.997350
7 1 2.000000 0.377747 0.166805 0.002016 0.998793
8 1 2.000000 0.297639 0.163357 0.002315 0.998591
9 1 2.000000 0.244482 0.372382 0.001581 0.999088
10 1 2.000000 0.248302 0.129167 0.002185 0.998679
11 1 2.000000 0.967114 0.030132 0.002248 0.998636
12 1 2.000000 0.577207 0.151677 0.006866 0.995507
13 1 2.000000 0.759065 0.382876 0.004087 0.997390
14 1 2.000000 0.779787 0.268582 0.002036 0.998779
15 1 2.000000 0.061573 0.274229 0.005042 0.996744
16 1 2.000000 0.124466 0.271607 0.005422 0.996486
17 1 2.000000 0.597921 0.273282 0.005751 0.996263
18 1 2.000000 0.722478 0.442467 0.003709 0.997646
19 1 2.000000 0.146194 0.259291 0.004613 0.997034
20 1 2.000000 0.886728 0.020323 0.002369 0.998554
21 1 2.000000 0.729481 0.362672 0.003653 0.997684
22 1 2.000000 0.606471 0.240586 0.005273 0.996587
23 1 2.000000 0.751555 0.384422 0.004034 0.997426
24 1 2.000000 0.647929 0.284183 0.006060 0.996054
25 1 2.000000 0.668683 0.238780 0.004075 0.997399
26 1 2.000000 0.533448 0.131916 0.005938 0.996136
27 1 2.000000 0.626655 0.125559 0.004411 0.997171
28 1 2.000000 0.624912 0.257649 0.005578 0.996380
29 1 2.000000 0.587405 0.181111 0.007014 0.995407
0 1 3.000000 0.106452 0.269841 0.004983 0.996783
1 1 3.000000 0.154259 0.315316 0.003443 0.997827
2 1 3.000000 0.534482 0.056113 0.004186 0.997323
3 1 3.000000 0.538618 0.386304 0.003839 0.997558
4 1 3.000000 0.484627 0.360178 0.003520 0.997774
5 1 3.000000 0.573781 0.356210 0.004470 0.997131
6 1 3.000000 0.512183 0.082421 0.004057 0.997411
7 1 3.000000 0.387342 0.164085 0.001897 0.998874
8 1 3.000000 0.306595 0.158963 0.002058 0.998765
9 1 3.000000 0.236754 0.366074 0.001440 0.999183
10 1 3.000000 0.257630 0.125700 0.001952 0.998837
11 1 3.000000 0.958022 0.034141 0.001640 0.999048
12 1 3.000000 0.569745 0.145117 0.006146 0.995995
13 1 3.000000 0.760339 0.392740 0.004025 0.997433
14 1 3.000000 0.775529 0.277580 0.002077 0.998752
15 1 3.000000 0.054244 0.280999 0.004944 0.996810
16 1 3.000000 0.115915 0.269004 0.004920 0.996826
17 1 3.000000 0.603825 0.281220 0.005109 0.996698
18 1 3.000000 0.729021 0.449669 0.004247 0.997282
19 1 3.000000 0.136432 0.257901 0.004471 0.997130
20 1 3.000000 0.876970 0.022410 0.001729 0.998988
21 1 3.000000 0.732866 0.372049 0.003775 0.997602
22 1 3.000000 0.598706 0.239338 0.004357 0.997207
23 1 3.000000 0.753522 0.394189 0.004015 0.997439
24 1 3.000000 0.652985 0.292721 0.005497 0.996435
25 1 3.000000 0.666538 0.248436 0.004015 0.997439
26 1 3.000000 0.526232 0.124984 0.005298 0.996570
27 1 3.000000 0.617078 0.122983 0.004577 0.997058
28 1 3.000000 0.628735 0.266698 0.004995 0.996775
29 1 3.000000 0.581067 0.173497 0.006182 0.995971
0 1 4.000000 0.097724 0.273831 0.004727 0.996957
1 1 4.000000 0.147814 0.307795 0.003380 0.997869
2 1 4.000000 0.526060 0.050815 0.004383 0.997190
3 1 4.000000 0.547428 0.390999 0.003420 0.997842
4 1 4.000000 0.493622 0.364449 0.003095 0.998062
5 1 4.000000 0.577695 0.361956 0.003878 0.997532
6 1 4.000000 0.505474 0.075020 0.004113 0.997372
7 1 4.000000 0.396911 0.161367 0.001918 0.998860
8 1 4.000000 0.315746 0.154979 0.001918 0.998860
9 1 4.000000 0.229061 0.359721 0.001404 0.999208
10 1 4.000000 0.267017 0.122353 0.001832 0.998918
11 1 4.000000 0.948842 0.037962 0.001323 0.999263
12 1 4.000000 0.562197 0.138633 0.005590 0.996372
13 1 4.000000 0.761558 0.402613 0.004211 0.997306
14 1 4.000000 0.770596 0.286221 0.002181 0.998681
15 1 4.000000 0.046909 0.287742 0.005015 0.996762
16 1 4.000000 0.106677 0.270061 0.004700 0.996975
17 1 4.000000 0.610541 0.288470 0.004724 0.996959
18 1 4.000000 0.732311 0.458533 0.004824 0.996891
19 1 4.000000 0.126576 0.257058 0.004422 0.997163
20 1 4.000000 0.867271 0.024565 0.001393 0.999215
21 1 4.000000 0.736215 0.381430 0.003982 0.997461
22 1 4.000000 0.590849 0.234407 0.003895 0.997520
23 1 4.000000 0.755360 0.403961 0.004223 0.997298
24 1 4.000000 0.658019 0.301297 0.004965 0.996795
25 1 4.000000 0.665750 0.258259 0.003978 0.997464
26 1 4.000000 0.518990 0.118081 0.004767 0.996930
27 1 4.000000 0.607574 0.120141 0.004598 0.997044
28 1 4.000000 0.633604 0.275267 0.004648 0.997010
29 1 4.000000 0.574619 0.165970 0.005564 0.996390
0 1 5.000000 0.090318 0.280219 0.004611 0.997035
1 1 5.000000 0.141083 0.300517 0.003420 0.997842
2 1 5.000000 0.517351 0.046035 0.004538 0.997084
3 1 5.000000 0.556049 0.396024 0.003086 0.998068
4 1 5.000000 0.502626 0.368723 0.002788 0.998270
5 1 5.000000 0.583913 0.366711 0.003463 0.997813
6 1 5.000000 0.499019 0.067412 0.004248 0.997281
7 1 5.000000 0.406435 0.158611 0.002017 0.998793
8 1 5.000000 0.325043 0.151345 0.001850 0.998906
9 1 5.000000 0.221405 0.353323 0.001415 0.999200
10 1 5.000000 0.276411 0.119007 0.001767 0.998962
11 1 5.000000 0.939687 0.041905 0.001129 0.999395
12 1 5.000000 0.554630 0.132140 0.005087 0.996713
13 1 5.000000 0.762750 0.412478 0.004525 0.997093
14 1 5.000000 0.765749 0.294900 0.002342 0.998572
15 1 5.000000 0.039512 0.294404 0.005139 0.996677
16 1 5.000000 0.097954 0.274023 0.004558 0.997071
17 1 5.000000 0.618113 0.294816 0.004446 0.997147
18 0 5.000000 0. 0. 0. 0.
19 1 5.000000 0.116794 0.257193 0.004356 0.997208
20 1 5.000000 0.857606 0.026855 0.001188 0.999354
21 1 5.000000 0.739530 0.390813 0.004263 0.997271
22 1 5.000000 0.585139 0.226909 0.003616 0.997709
23 1 5.000000 0.757123 0.413736 0.004554 0.997074
24 1 5.000000 0.662996 0.309932 0.004446 0.997147
25 1 5.000000 0.666018 0.268105 0.003927 0.997499
26 1 5.000000 0.511699 0.111233 0.004359 0.997206
27 1 5.000000 0.598124 0.117189 0.004561 0.997069
28 1 5.000000 0.639049 0.283489 0.004405 0.997175
29 1 5.000000 0.567997 0.158569 0.005099 0.996705
0 1 6.000000 0.083442 0.287331 0.004609 0.997037
1 1 6.000000 0.134348 0.293334 0.003517 0.997777
2 1 6.000000 0.508902 0.040844 0.004654 0.997006
3 1 6.000000 0.564369 0.401537 0.002884 0.998205
4 1 6.000000 0.511615 0.373032 0.002588 0.998405
5 1 6.000000 0.592170 0.372032 0.003165 0.998015
6 1 6.000000 0.492850 0.059587 0.004419 0.997165
7 1 6.000000 0.415920 0.155837 0.002160 0.998696
8 1 6.000000 0.334352 0.147738 0.001836 0.998915
9 1 6.000000 0.213794 0.346872 0.001450 0.999177
10 1 6.000000 0.285810 0.115662 0.001735 0.998984
11 1 6.000000 0.930592 0.045997 0.001007 0.999477
12 1 6.000000 0.547152 0.125544 0.004708 0.996970
13 1 6.000000 0.763877 0.422346 0.004905 0.996836
14 1 6.000000 0.761166 0.303702 0.002547 0.998433
15 1 6.000000 0.032028 0.300962 0.005250 0.996602
16 1 6.000000 0.090555 0.280406 0.004485 0.997121
17 1 6.000000 0.626362 0.300214 0.004207 0.997309
18 0 6.000000 0. 0. 0. 0.
19 1 6.000000 0.107099 0.259135 0.004307 0.997241
20 1 6.000000 0.847961 0.029408 0.001062 0.999440
21 1 6.000000 0.742693 0.400235 0.004609 0.997036
22 1 6.000000 0.580601 0.218167 0.003513 0.997779
23 1 6.000000 0.758752 0.423527 0.004939 0.996813
24 1 6.000000 0.667472 0.318849 0.004018 0.997437
25 1 6.000000 0.667172 0.277929 0.003836 0.997560
26 1 6.000000 0.504328 0.104485 0.004107 0.997377
27 1 6.000000 0.588717 0.114031 0.004460 0.997137
28 1 6.000000 0.644848 0.291534 0.004156 0.997343
29 1 6.000000 0.561191 0.151312 0.004712 0.996967
0 1 7.000000 0.076555 0.294482 0.004620 0.997029
1 1 7.000000 0.127624 0.286242 0.003633 0.997697
2 1 7.000000 0.501040 0.034749 0.004787 0.996916
3 1 7.000000 0.572426 0.407380 0.002771 0.998282
4 1 7.000000 0.520590 0.377379 0.002447 0.998501
5 1 7.000000 0.601511 0.374634 0.003013 0.998118
6 1 7.000000 0.486920 0.051586 0.004602 0.997042
7 1 7.000000 0.425321 0.152986 0.002336 0.998576
8 1 7.000000 0.343641 0.144084 0.001866 0.998895
9 1 7.000000 0.206297 0.340293 0.001502 0.999141
10 1 7.000000 0.295223 0.112345 0.001731 0.998987
11 1 7.000000 0.921591 0.050259 0.000917 0.999538
12 1 7.000000 0.539769 0.118838 0.004410 0.997171
13 1 7.000000 0.764763 0.432256 0.005297 0.996571
14 1 7.000000 0.757468 0.312920 0.002790 0.998269
15 1 7.000000 0.024515 0.307488 0.005315 0.996558
16 1 7.000000 0.083690 0.287526 0.004496 0.997113
17 1 7.000000 0.634970 0.304887 0.003975 0.997466
18 0 7.000000 0. 0. 0. 0.
19 1 7.000000 0.097829 0.262496 0.004252 0.997279
20 1 7.000000 0.838390 0.032214 0.000978 0.999497
21 1 7.000000 0.745682 0.409700 0.004994 0.996776
22 1 7.000000 0.576414 0.209234 0.003409 0.997849
23 1 7.000000 0.760110 0.433369 0.005341 0.996540
24 1 7.000000 0.671693 0.327886 0.003746 0.997621
25 1 7.000000 0.669096 0.287659 0.003719 0.997639
26 1 7.000000 0.497290 0.097451 0.004093 0.997386
27 1 7.000000 0.579459 0.110483 0.004309 0.997240
28 1 7.000000 0.650896 0.299345 0.003915 0.997506
29 1 7.000000 0.554093 0.144341 0.004409 0.997172
0 1 8.000000 0.069672 0.301643 0.004660 0.997002
1 1 8.000000 0.121085 0.279393 0.003756 0.997615
2 1 8.000000 0.493743 0.027979 0.004941 0.996812
3 1 8.000000 0.580661 0.412950 0.002756 0.998292
4 1 8.000000 0.529543 0.381770 0.002355 0.998564
5 1 8.000000 0.611297 0.376227 0.003027 0.998109
6 1 8.000000 0.481229 0.043417 0.004766 0.996930
7 1 8.000000 0.434631 0.150092 0.002510 0.998459
8 1 8.000000 0.352875 0.140298 0.001932 0.998850
9 1 8.000000 0.198971 0.333527 0.001574 0.999092
10 1 8.000000 0.304638 0.109035 0.001751 0.998973
11 1 8.000000 0.912752 0.054871 0.000852 0.999582
12 1 8.000000 0.532509 0.111997 0.004187 0.997322
13 1 8.000000 0.765443 0.442185 0.005645 0.996335
14 1 8.000000 0.754925 0.322510 0.003062 0.998085
15 1 8.000000 0.017120 0.314157 0.005287 0.996577
16 1 8.000000 0.076812 0.294683 0.004508 0.997105
17 1 8.000000 0.643267 0.309419 0.003720 0.997639
18 0 8.000000 0. 0. 0. 0.
19 1 8.000000 0.089343 0.267640 0.004206 0.997310
20 1 8.000000 0.828921 0.035327 0.000923 0.999533
21 1 8.000000 0.748433 0.419232 0.005406 0.996497
22 1 8.000000 0.572451 0.200170 0.003349 0.997890
23 1 8.000000 0.761137 0.443255 0.005692 0.996303
24 1 8.000000 0.676099 0.336829 0.003645 0.997690
25 1 8.000000 0.671937 0.297138 0.003579 0.997734
26 1 8.000000 0.491111 0.089659 0.004183 0.997325
27 1 8.000000 0.570404 0.106391 0.004156 0.997343
28 1 8.000000 0.656610 0.307424 0.003681 0.997665
29 1 8.000000 0.546795 0.137564 0.004174 0.997331
0 1 9.000000 0.062740 0.308755 0.004711 0.996967
1 1 9.000000 0.114835 0.274176 0.003739 0.997626
2 1 9.000000 0.486829 0.020831 0.005113 0.996695
3 1 9.000000 0.589385 0.417733 0.002816 0.998251
4 1 9.000000 0.538439 0.386278 0.002293 0.998605
5 1 9.000000 0.621084 0.377723 0.003120 0.998046
6 1 9.000000 0.475798 0.035085 0.004917 0.996828
7 1 9.000000 0.443619 0.147196 0.002665 0.998353
8 1 9.000000 0.362027 0.136335 0.002039 0.998777
9 1 9.000000 0.191827 0.326573 0.001654 0.999039
10 1 9.000000 0.314049 0.105728 0.001802 0.998938
11 1 9.000000 0.904140 0.059907 0.000805 0.999614
12 1 9.000000 0.525325 0.105081 0.004046 0.997418
13 1 9.000000 0.765831 0.452130 0.005921 0.996148
14 1 9.000000 0.753628 0.332354 0.003351 0.997889
15 0 9.000000 0. 0. 0. 0.
16 1 9.000000 0.069937 0.301850 0.004545 0.997080
17 1 9.000000 0.650930 0.315563 0.003503 0.997786
18 0 9.000000 0. 0. 0. 0.
19 1 9.000000 0.081582 0.273801 0.004175 0.997331
20 1 9.000000 0.819601 0.038889 0.000887 0.999558
21 1 9.000000 0.750847 0.428865 0.005778 0.996245
22 1 9.000000 0.568588 0.191050 0.003304 0.997921
23 1 9.000000 0.761722 0.453187 0.005962 0.996120
24 1 9.000000 0.680851 0.345584 0.003664 0.997677
25 1 9.000000 0.675668 0.306376 0.003418 0.997843
26 1 9.000000 0.485708 0.081311 0.004315 0.997236
27 1 9.000000 0.561998 0.101173 0.003980 0.997463
28 1 9.000000 0.661433 0.316148 0.003468 0.997809
29 1 9.000000 0.539501 0.130769 0.003988 0.997457
0 1 10.000000 0.055622 0.315662 0.004790 0.996914
1 1 10.000000 0.110686 0.269438 0.003689 0.997660
2 1 10.000000 0.480202 0.013478 0.005257 0.996598
3 1 10.000000 0.598440 0.421877 0.002914 0.998185
4 1 10.000000 0.547242 0.390964 0.002261 0.998627
5 1 10.000000 0.630817 0.379742 0.003267 0.997946
6 1 10.000000 0.470693 0.026539 0.005015 0.996761
7 1 10.000000 0.452044 0.144053 0.002823 0.998247
8 1 10.000000 0.371030 0.132052 0.002162 0.998695
9 1 10.000000 0.184866 0.319449 0.001740 0.998980
10 1 10.000000 0.323460 0.102422 0.001872 0.998891
11 1 10.000000 0.895792 0.065379 0.000768 0.999639
12 1 10.000000 0.518210 0.098098 0.003983 0.997461
13 0 10.000000 0. 0. 0. 0.
14 1 10.000000 0.753692 0.342277 0.003643 0.997691
15 0 10.000000 0. 0. 0. 0.
16 1 10.000000 0.063015 0.308973 0.004588 0.997051
17 1 10.000000 0.655628 0.323819 0.003300 0.997923
18 0 10.000000 0. 0. 0. 0.
19 1 10.000000 0.074352 0.280619 0.004184 0.997324
20 1 10.000000 0.810453 0.042837 0.000863 0.999574
21 1 10.000000 0.752877 0.438592 0.006101 0.996026
22 1 10.000000 0.564585 0.181957 0.003257 0.997953
23 0 10.000000 0. 0. 0. 0.
24 1 10.000000 0.685953 0.354134 0.003779 0.997599
25 1 10.000000 0.679998 0.315339 0.003300 0.997923
26 1 10.000000 0.480798 0.072686 0.004460 0.997138
27 1 10.000000 0.554295 0.094893 0.003835 0.997561
28 1 10.000000 0.665363 0.325299 0.003326 0.997906
29 1 10.000000 0.532255 0.123921 0.003848 0.997552
0 1 11.000000 0.048281 0.322251 0.004897 0.996841
1 1 11.000000 0.101957 0.271525 0.003676 0.997669
2 1 11.000000 0.476296 0.004988 0.005353 0.996533
3 1 11.000000 0.607706 0.425522 0.003053 0.998091
4 1 11.000000 0.555859 0.395969 0.002225 0.998651
5 1 11.000000 0.640269 0.382797 0.003452 0.997820
6 1 11.000000 0.466039 0.017744 0.005072 0.996723
7 1 11.000000 0.459379 0.140111 0.002958 0.998155
8 1 11.000000 0.379789 0.127309 0.002321 0.998587
9 1 11.000000 0.177996 0.312245 0.001834 0.998916
10 1 11.000000 0.332866 0.099113 0.001975 0.998821
11 1 11.000000 0.887723 0.071240 0.000742 0.999657
12 1 11.000000 0.511190 0.091032 0.004007 0.997445
13 0 11.000000 0. 0. 0. 0.
14 1 11.000000 0.754418 0.352191 0.003941 0.997489
15 0 11.000000 0. 0. 0. 0.
16 1 11.000000 0.055910 0.315894 0.004660 0.997002
17 1 11.000000 0.657845 0.333291 0.003225 0.997974
18 0 11.000000 0. 0. 0. 0.
19 1 11.000000 0.067225 0.287551 0.004186 0.997323
20 1 11.000000 0.801529 0.047280 0.000846 0.999586
21 1 11.000000 0.754241 0.448433 0.006349 0.995858
22 1 11.000000 0.560186 0.173114 0.003209 0.997985
23 0 11.000000 0. 0. 0. 0.
24 1 11.000000 0.691361 0.362483 0.003963 0.997474
25 1 11.000000 0.684975 0.323975 0.003277 0.997939
26 1 11.000000 0.476076 0.063951 0.004592 0.997048
27 1 11.000000 0.547590 0.087595 0.003736 0.997628
28 1 11.000000 0.669099 0.334515 0.003299 0.997924
29 1 11.000000 0.525021 0.117058 0.003746 0.997621
0 1 12.000000 0.039919 0.327280 0.005065 0.996728
1 1 12.000000 0.093922 0.276843 0.003669 0.997674
2 1 12.000000 0.475766 0.000000 0.005406 0.996496
3 1 12.000000 0.617105 0.428795 0.003228 0.997972
4 1 12.000000 0.564176 0.401469 0.002225 0.998652
5 1 12.000000 0.649259 0.386989 0.003650 0.997687
6 1 12.000000 0.462210 0.008634 0.005083 0.996715
7 1 12.000000 0.465074 0.134857 0.003089 0.998066
8 1 12.000000 0.388197 0.121991 0.002501 0.998465
9 1 12.000000 0.170909 0.305252 0.001935 0.998848
10 1 12.000000 0.342268 0.095805 0.002091 0.998742
11 1 12.000000 0.879898 0.077444 0.000724 0.999669
12 1 12.000000 0.504487 0.083673 0.004093 0.997386
13 0 12.000000 0. 0. 0. 0.
14 1 12.000000 0.755487 0.362069 0.004245 0.997283
15 0 12.000000 0. 0. 0. 0.
16 1 12.000000 0.048603 0.322519 0.004763 0.996933
17 1 12.000000 0.660366 0.342885 0.003262 0.997949
18 0 12.000000 0. 0. 0. 0.
19 1 12.000000 0.060111 0.294497 0.004214 0.997304
20 1 12.000000 0.792911 0.052290 0.000843 0.999588
21 1 12.000000 0.754907 0.458355 0.006476 0.995772
22 1 12.000000 0.555417 0.164574 0.003160 0.998018
23 0 12.000000 0. 0. 0. 0.
24 1 12.000000 0.696940 0.370713 0.004191 0.997320
25 1 12.000000 0.690178 0.332472 0.003338 0.997898
26 1 12.000000 0.471517 0.055122 0.004705 0.996972
27 1 12.000000 0.541303 0.079903 0.003751 0.997618
28 1 12.000000 0.673237 0.343567 0.003375 0.997873
29 1 12.000000 0.517781 0.110203 0.003687 0.997661
0 1 13.000000 0.031477 0.331824 0.005150 0.996670
1 1 13.000000 0.086922 0.283788 0.003674 0.997670
2 1 13.000000 0.475766 0.000000 0.005383 0.996512
3 1 13.000000 0.626625 0.431678 0.003456 0.997818
4 1 13.000000 0.572227 0.407306 0.002250 0.998635
5 1 13.000000 0.657847 0.391977 0.003896 0.997520
6 0 13.000000 0. 0. 0. 0.
7 1 13.000000 0.467274 0.126442 0.003249 0.997958
8 1 13.000000 0.396136 0.116022 0.002710 0.998323
9 1 13.000000 0.163474 0.298636 0.002040 0.998777
10 1 13.000000 0.351650 0.092475 0.002251 0.998634
11 1 13.000000 0.872355 0.083968 0.000713 0.999676
12 1 13.000000 0.498165 0.075996 0.004210 0.997307
13 0 13.000000 0. 0. 0. 0.
14 1 13.000000 0.756742 0.371915 0.004550 0.997076
15 0 13.000000 0. 0. 0. 0.
16 1 13.000000 0.040288 0.327597 0.004925 0.996823
17 1 13.000000 0.663678 0.352241 0.003375 0.997873
18 0 13.000000 0. 0. 0. 0.
19 1 13.000000 0.052852 0.301307 0.004245 0.997283
20 1 13.000000 0.784835 0.058095 0.000847 0.999585
21 0 13.000000 0. 0. 0. 0.
22 1 13.000000 0.549709 0.156639 0.003117 0.998047
23 0 13.000000 0. 0. 0. 0.
24 1 13.000000 0.702524 0.378933 0.004451 0.997144
25 1 13.000000 0.695458 0.340913 0.003464 0.997812
26 1 13.000000 0.467085 0.046226 0.004784 0.996918
27 1 13.000000 0.534573 0.072573 0.003836 0.997560
28 1 13.000000 0.677997 0.352305 0.003521 0.997774
29 1 13.000000 0.510580 0.103313 0.003672 0.997671
0 1 14.000000 0.027445 0.330949 0.005018 0.996760
1 1 14.000000 0.080026 0.290913 0.003697 0.997655
2 1 14.000000 0.475766 0.000000 0.005340 0.996541
3 1 14.000000 0.636269 0.434072 0.003718 0.997640
4 1 14.000000 0.580450 0.412887 0.002322 0.998586
5 1 14.000000 0.666261 0.397252 0.004164 0.997338
6 0 14.000000 0. 0. 0. 0.
7 1 14.000000 0.466729 0.116652 0.003460 0.997815
8 1 14.000000 0.403397 0.109300 0.002928 0.998175
9 1 14.000000 0.155694 0.292434 0.002155 0.998699
10 1 14.000000 0.361020 0.089148 0.002414 0.998524
11 1 14.000000 0.864960 0.090670 0.000704 0.999682
12 1 14.000000 0.492213 0.068037 0.004334 0.997223
13 0 14.000000 0. 0. 0. 0.
14 1 14.000000 0.758075 0.381736 0.004864 0.996864
15 0 14.000000 0. 0. 0. 0.
16 1 14.000000 0.031822 0.331938 0.004995 0.996775
17 1 14.000000 0.668340 0.361003 0.003533 0.997766
18 0 14.000000 0. 0. 0. 0.
19 1 14.000000 0.045398 0.307894 0.004297 0.997248
20 1 14.000000 0.777240 0.064578 0.000851 0.999582
21 0 14.000000 0. 0. 0. 0.
22 1 14.000000 0.542794 0.149471 0.003084 0.998070
23 0 14.000000 0. 0. 0. 0.
24 1 14.000000 0.708078 0.387164 0.004741 0.996947
25 1 14.000000 0.700579 0.349446 0.003645 0.997690
26 1 14.000000 0.462746 0.037275 0.004834 0.996884
27 1 14.000000 0.527325 0.065782 0.003980 0.997463
28 1 14.000000 0.683352 0.360685 0.003712 0.997644
29 1 14.000000 0.503485 0.096334 0.003727 0.997634
0 1 15.000000 0.027445 0.330949 0.004861 0.996866
1 1 15.000000 0.073163 0.298099 0.003710 0.997646
2 1 15.000000 0.475766 0.000000 0.005282 0.996581
3 1 15.000000 0.646035 0.435851 0.004026 0.997431
4 1 15.000000 0.589159 0.417689 0.002433 0.998511
5 1 15.000000 0.674568 0.402696 0.004449 0.997145
6 0 15.000000 0. 0. 0. 0.
7 1 15.000000 0.464900 0.106981 0.003633 0.997698
8 1 15.000000 0.410063 0.101975 0.003183 0.998003
9 1 15.000000 0.147639 0.286593 0.002273 0.998619
10 1 15.000000 0.370326 0.085705 0.002631 0.998377
11 1 15.000000 0.857772 0.097549 0.000701 0.999684
12 1 15.000000 0.486508 0.059904 0.004441 0.997150
13 0 15.000000 0. 0. 0. 0.
14 1 15.000000 0.759431 0.391556 0.005172 0.996655
15 0 15.000000 0. 0. 0. 0.
16 0 15.000000 0. 0. 0. 0.
17 1 15.000000 0.674154 0.369054 0.003725 0.997636
18 0 15.000000 0. 0. 0. 0.
19 1 15.000000 0.037697 0.314191 0.004352 0.997210
20 1 15.000000 0.770050 0.071500 0.000859 0.999577
21 0 15.000000 0. 0. 0. 0.
22 1 15.000000 0.535667 0.142503 0.003072 0.998078
23 0 15.000000 0. 0. 0. 0.
24 1 15.000000 0.713524 0.395467 0.005039 0.996745
25 1 15.000000 0.705606 0.358027 0.003868 0.997539
26 1 15.000000 0.458566 0.028235 0.004830 0.996887
27 1 15.000000 0.519689 0.059418 0.004131 0.997361
28 1 15.000000 0.689076 0.368809 0.003938 0.997491
29 1 15.000000 0.496933 0.088850 0.003834 0.997561
0 1 16.000000 0.027445 0.330949 0.004705 0.996972
1 1 16.000000 0.066237 0.305228 0.003736 0.997628
2 1 16.000000 0.475766 0.000000 0.005210 0.996629
3 1 16.000000 0.655871 0.437068 0.004347 0.997214
4 1 16.000000 0.598207 0.421845 0.002567 0.998420
5 1 16.000000 0.682785 0.408270 0.004743 0.996946
6 0 16.000000 0. 0. 0. 0.
7 1 16.000000 0.462718 0.097294 0.003769 0.997605
8 1 16.000000 0.415761 0.093981 0.003428 0.997837
9 1 16.000000 0.139324 0.281139 0.002391 0.998540
10 1 16.000000 0.379622 0.082268 0.002845 0.998232
11 1 16.000000 0.850239 0.104018 0.000700 0.999685
12 1 16.000000 0.481020 0.051616 0.004526 0.997093
13 0 16.000000 0. 0. 0. 0.
14 1 16.000000 0.760728 0.401386 0.005468 0.996454
15 0 16.000000 0. 0. 0. 0.
16 0 16.000000 0. 0. 0. 0.
17 1 16.000000 0.680557 0.376642 0.003953 0.997481
18 0 16.000000 0. 0. 0. 0.
19 1 16.000000 0.029746 0.320152 0.004406 0.997174
20 1 16.000000 0.763137 0.078707 0.000861 0.999576
21 0 16.000000 0. 0. 0. 0.
22 1 16.000000 0.528524 0.135548 0.003058 0.998087
23 0 16.000000 0. 0. 0. 0.
24 1 16.000000 0.718802 0.403864 0.005343 0.996539
25 1 16.000000 0.710419 0.366723 0.004110 0.997375
26 1 16.000000 0.454552 0.019119 0.004793 0.996912
27 1 16.000000 0.511883 0.053265 0.004255 0.997277
28 1 16.000000 0.694965 0.376809 0.004184 0.997324
29 1 16.000000 0.491064 0.080827 0.003960 0.997476
0 1 17.000000 0.027445 0.330949 0.004549 0.997077
1 1 17.000000 0.059249 0.312290 0.003774 0.997602
2 1 17.000000 0.475766 0.000000 0.005129 0.996684
3 1 17.000000 0.665717 0.438188 0.004667 0.996997
4 1 17.000000 0.607468 0.425499 0.002728 0.998311
5 1 17.000000 0.690886 0.413993 0.005049 0.996738
6 0 17.000000 0. 0. 0. 0.
7 1 17.000000 0.460414 0.087643 0.003896 0.997520
8 1 17.000000 0.420548 0.085378 0.003655 0.997683
9 1 17.000000 0.130773 0.276088 0.002495 0.998469
10 1 17.000000 0.388847 0.078884 0.003115 0.998048
11 1 17.000000 0.841423 0.108405 0.000696 0.999688
12 1 17.000000 0.475774 0.043170 0.004587 0.997051
13 0 17.000000 0. 0. 0. 0.
14 1 17.000000 0.761980 0.411214 0.005738 0.996271
15 0 17.000000 0. 0. 0. 0.
16 0 17.000000 0. 0. 0. 0.
17 1 17.000000 0.687123 0.384096 0.004200 0.997314
18 0 17.000000 0. 0. 0. 0.
19 0 17.000000 0. 0. 0. 0.
20 1 17.000000 0.756242 0.085921 0.000857 0.999579
21 0 17.000000 0. 0. 0. 0.
22 1 17.000000 0.521381 0.128592 0.003052 0.998091
23 0 17.000000 0. 0. 0. 0.
24 1 17.000000 0.723955 0.412320 0.005647 0.996334
25 1 17.000000 0.715158 0.375445 0.004370 0.997198
26 0 17.000000 0. 0. 0. 0.
27 1 17.000000 0.504263 0.046918 0.004353 0.997210
28 1 17.000000 0.700866 0.384781 0.004451 0.997144
29 1 17.000000 0.485675 0.072478 0.004073 0.997400
0 1 18.000000 0.027445 0.330949 0.004396 0.997181
1 1 18.000000 0.051993 0.319049 0.003814 0.997575
2 1 18.000000 0.475766 0.000000 0.005041 0.996744
3 1 18.000000 0.675520 0.439527 0.004972 0.996791
4 1 18.000000 0.616865 0.428781 0.002912 0.998186
5 1 18.000000 0.698820 0.419927 0.005360 0.996528
6 0 18.000000 0. 0. 0. 0.
7 1 18.000000 0.458093 0.077982 0.004003 0.997447
8 1 18.000000 0.424039 0.076325 0.003839 0.997559
9 1 18.000000 0.122615 0.271469 0.002560 0.998425
10 1 18.000000 0.397931 0.075526 0.003357 0.997885
11 1 18.000000 0.832443 0.109283 0.000673 0.999703
12 1 18.000000 0.470761 0.034574 0.004611 0.997035
13 0 18.000000 0. 0. 0. 0.
14 1 18.000000 0.763182 0.421045 0.005973 0.996113
15 0 18.000000 0. 0. 0. 0.
16 0 18.000000 0. 0. 0. 0.
17 1 18.000000 0.693751 0.391483 0.004465 0.997134
18 0 18.000000 0. 0. 0. 0.
19 0 18.000000 0. 0. 0. 0.
20 1 18.000000 0.748953 0.092742 0.000845 0.999586
21 0 18.000000 0. 0. 0. 0.
22 1 18.000000 0.514205 0.121675 0.003052 0.998091
23 0 18.000000 0. 0. 0. 0.
24 1 18.000000 0.728914 0.420861 0.005937 0.996137
25 1 18.000000 0.719776 0.384232 0.004639 0.997016
26 0 18.000000 0. 0. 0. 0.
27 1 18.000000 0.497080 0.040065 0.004426 0.997160
28 1 18.000000 0.706741 0.392769 0.004727 0.996956
29 1 18.000000 0.480514 0.063982 0.004174 0.997331
0 1 19.000000 0.027445 0.330949 0.004244 0.997284
1 1 19.000000 0.044293 0.325080 0.003924 0.997501
2 1 19.000000 0.475766 0.000000 0.004947 0.996808
3 1 19.000000 0.685180 0.441563 0.005302 0.996567
4 1 19.000000 0.626383 0.431672 0.003138 0.998033
5 1 19.000000 0.706609 0.426043 0.005679 0.996312
6 0 19.000000 0. 0. 0. 0.
7 1 19.000000 0.455750 0.068319 0.004083 0.997393
8 1 19.000000 0.426309 0.067103 0.003960 0.997476
9 1 19.000000 0.113931 0.269459 0.002597 0.998400
10 0 19.000000 0. 0. 0. 0.
11 0 19.000000 0. 0. 0. 0.
12 1 19.000000 0.466037 0.025822 0.004587 0.997051
13 0 19.000000 0. 0. 0. 0.
14 1 19.000000 0.764146 0.430927 0.006157 0.995988
15 0 19.000000 0. 0. 0. 0.
16 0 19.000000 0. 0. 0. 0.
17 1 19.000000 0.700378 0.398862 0.004741 0.996947
18 0 19.000000 0. 0. 0. 0.
19 0 19.000000 0. 0. 0. 0.
20 1 19.000000 0.741299 0.099159 0.000832 0.999596
21 0 19.000000 0. 0. 0. 0.
22 1 19.000000 0.506988 0.114812 0.003054 0.998090
23 0 19.000000 0. 0. 0. 0.
24 1 19.000000 0.733569 0.429587 0.006187 0.995968
25 1 19.000000 0.724282 0.393075 0.004913 0.996830
26 0 19.000000 0. 0. 0. 0.
27 1 19.000000 0.490298 0.032800 0.004485 0.997121
28 1 19.000000 0.712513 0.400830 0.005010 0.996765
29 1 19.000000 0.475544 0.055362 0.004248 0.997281
0 1 20.000000 0.027445 0.330949 0.004096 0.997384
1 1 20.000000 0.035487 0.329484 0.003986 0.997459
2 1 20.000000 0.475766 0.000000 0.004848 0.996874
3 1 20.000000 0.694656 0.444419 0.005634 0.996342
4 1 20.000000 0.636026 0.434080 0.003387 0.997864
5 1 20.000000 0.714195 0.432404 0.005982 0.996106
6 0 20.000000 0. 0. 0. 0.
7 1 20.000000 0.453344 0.058691 0.004134 0.997359
8 1 20.000000 0.426577 0.057391 0.004032 0.997428
9 1 20.000000 0.105717 0.270312 0.002607 0.998393
10 0 20.000000 0. 0. 0. 0.
11 0 20.000000 0. 0. 0. 0.
12 1 20.000000 0.461714 0.016847 0.004527 0.997092
13 0 20.000000 0. 0. 0. 0.
14 1 20.000000 0.764898 0.440835 0.006265 0.995914
15 0 20.000000 0. 0. 0. 0.
16 0 20.000000 0. 0. 0. 0.
17 1 20.000000 0.706938 0.406293 0.005029 0.996752
18 0 20.000000 0. 0. 0. 0.
19 0 20.000000 0. 0. 0. 0.
20 1 20.000000 0.733230 0.105035 0.000821 0.999603
21 0 20.000000 0. 0. 0. 0.
22 1 20.000000 0.499551 0.108198 0.003072 0.998078
23 0 20.000000 0. 0. 0. 0.
24 1 20.000000 0.737678 0.438561 0.006379 0.995837
25 1 20.000000 0.728705 0.401936 0.005176 0.996652
26 0 20.000000 0. 0. 0. 0.
27 1 20.000000 0.483838 0.025249 0.004538 0.997085
28 1 20.000000 0.718119 0.408971 0.005294 0.996572
29 1 20.000000 0.470787 0.046623 0.004291 0.997252
0 1 21.000000 0.027445 0.330949 0.003951 0.997482
1 1 21.000000 0.029128 0.332632 0.003974 0.997467
2 1 21.000000 0.475766 0.000000 0.004746 0.996943
3 1 21.000000 0.703925 0.447732 0.005969 0.996115
4 1 21.000000 0.645793 0.435868 0.003674 0.997670
5 1 21.000000 0.721490 0.439094 0.006255 0.995922
6 0 21.000000 0. 0. 0. 0.
7 1 21.000000 0.450395 0.049194 0.004153 0.997346
8 1 21.000000 0.425435 0.047520 0.004054 0.997413
9 1 21.000000 0.097123 0.274547 0.002616 0.998387
10 0 21.000000 0. 0. 0. 0.
11 0 21.000000 0. 0. 0. 0.
12 1 21.000000 0.457786 0.007689 0.004433 0.997156
13 0 21.000000 0. 0. 0. 0.
14 1 21.000000 0.765354 0.450769 0.006278 0.995906
15 0 21.000000 0. 0. 0. 0.
16 0 21.000000 0. 0. 0. 0.
17 1 21.000000 0.713326 0.413851 0.005303 0.996566
18 0 21.000000 0. 0. 0. 0.
19 0 21.000000 0. 0. 0. 0.
20 1 21.000000 0.724531 0.109889 0.000817 0.999605
21 0 21.000000 0. 0. 0. 0.
22 1 21.000000 0.492643 0.101089 0.003177 0.998007
23 0 21.000000 0. 0. 0. 0.
24 1 21.000000 0.740771 0.447934 0.006484 0.995766
25 1 21.000000 0.732961 0.410880 0.005444 0.996471
26 0 21.000000 0. 0. 0. 0.
27 1 21.000000 0.477763 0.017389 0.004562 0.997068
28 1 21.000000 0.723594 0.417209 0.005563 0.996390
29 1 21.000000 0.466190 0.037803 0.004296 0.997248
0 1 22.000000 0.027445 0.330949 0.003810 0.997578
1 1 22.000000 0.028154 0.331658 0.003819 0.997572
2 1 22.000000 0.475766 0.000000 0.004642 0.997014
3 1 22.000000 0.713020 0.451043 0.006309 0.995885
4 1 22.000000 0.655632 0.437090 0.003967 0.997471
5 1 22.000000 0.728130 0.446274 0.006442 0.995794
6 0 22.000000 0. 0. 0. 0.
7 1 22.000000 0.447190 0.039770 0.004137 0.997356
8 1 22.000000 0.423484 0.037795 0.004065 0.997405
9 1 22.000000 0.089827 0.281102 0.002614 0.998388
10 0 22.000000 0. 0. 0. 0.
11 0 22.000000 0. 0. 0. 0.
12 0 22.000000 0. 0. 0. 0.
13 0 22.000000 0. 0. 0. 0.
14 1 22.000000 0.765471 0.460726 0.006191 0.995965
15 0 22.000000 0. 0. 0. 0.
16 0 22.000000 0. 0. 0. 0.
17 1 22.000000 0.719517 0.421586 0.005583 0.996377
18 0 22.000000 0. 0. 0. 0.
19 0 22.000000 0. 0. 0. 0.
20 1 22.000000 0.715287 0.113626 0.000820 0.999604
21 0 22.000000 0. 0. 0. 0.
22 1 22.000000 0.486729 0.093108 0.003290 0.997930
23 0 22.000000 0. 0. 0. 0.
24 1 22.000000 0.742337 0.457662 0.006477 0.995771
25 1 22.000000 0.736932 0.419962 0.005676 0.996313
26 0 22.000000 0. 0. 0. 0.
27 1 22.000000 0.473364 0.008820 0.004526 0.997093
28 1 22.000000 0.728808 0.425601 0.005822 0.996215
29 1 22.000000 0.461805 0.028868 0.004269 0.997267
0 1 23.000000 0.027445 0.330949 0.003673 0.997671
1 1 23.000000 0.027739 0.331243 0.003676 0.997668
2 1 23.000000 0.475766 0.000000 0.004537 0.997086
3 1 23.000000 0.721557 0.454855 0.006519 0.995742
4 1 23.000000 0.665484 0.438205 0.004255 0.997276
5 1 23.000000 0.732667 0.454724 0.006572 0.995707
6 0 23.000000 0. 0. 0. 0.
7 1 23.000000 0.443901 0.030373 0.004090 0.997388
8 1 23.000000 0.420131 0.028686 0.004040 0.997422
9 1 23.000000 0.082946 0.288232 0.002632 0.998376
10 0 23.000000 0. 0. 0. 0.
11 0 23.000000 0. 0. 0. 0.
12 0 23.000000 0. 0. 0. 0.
13 0 23.000000 0. 0. 0. 0.
14 0 23.000000 0. 0. 0. 0.
15 0 23.000000 0. 0. 0. 0.
16 0 23.000000 0. 0. 0. 0.
17 1 23.000000 0.725441 0.429512 0.005821 0.996215
18 0 23.000000 0. 0. 0. 0.
19 0 23.000000 0. 0. 0. 0.
20 1 23.000000 0.705730 0.116470 0.000833 0.999595
21 0 23.000000 0. 0. 0. 0.
22 1 23.000000 0.481782 0.084495 0.003394 0.997860
23 0 23.000000 0. 0. 0. 0.
24 0 23.000000 0. 0. 0. 0.
25 1 23.000000 0.740498 0.429210 0.005883 0.996173
26 0 23.000000 0. 0. 0. 0.
27 0 23.000000 0. 0. 0. 0.
28 1 23.000000 0.733612 0.434247 0.006027 0.996076
29 1 23.000000 0.457656 0.019809 0.004207 0.997309
0 1 24.000000 0.027445 0.330949 0.003539 0.997761
1 1 24.000000 0.027563 0.331067 0.003541 0.997760
2 1 24.000000 0.475766 0.000000 0.004430 0.997158
3 1 24.000000 0.726282 0.461140 0.006608 0.995682
4 1 24.000000 0.675294 0.439523 0.004527 0.997092
5 0 24.000000 0. 0. 0. 0.
6 0 24.000000 0. 0. 0. 0.
7 1 24.000000 0.440383 0.021050 0.004015 0.997439
8 0 24.000000 0. 0. 0. 0.
9 1 24.000000 0.076061 0.295408 0.002638 0.998372
10 0 24.000000 0. 0. 0. 0.
11 0 24.000000 0. 0. 0. 0.
12 0 24.000000 0. 0. 0. 0.
13 0 24.000000 0. 0. 0. 0.
14 0 24.000000 0. 0. 0. 0.
15 0 24.000000 0. 0. 0. 0.
16 0 24.000000 0. 0. 0. 0.
17 1 24.000000 0.730857 0.437796 0.006035 0.996070
18 0 24.000000 0. 0. 0. 0.
19 0 24.000000 0. 0. 0. 0.
20 1 24.000000 0.695952 0.118415 0.000859 0.999577
21 0 24.000000 0. 0. 0. 0.
22 1 24.000000 0.477285 0.075633 0.003486 0.997798
23 0 24.000000 0. 0. 0. 0.
24 0 24.000000 0. 0. 0. 0.
25 1 24.000000 0.743535 0.438650 0.006015 0.996084
26 0 24.000000 0. 0. 0. 0.
27 0 24.000000 0. 0. 0. 0.
28 1 24.000000 0.737670 0.443223 0.006148 0.995994
29 1 24.000000 0.453832 0.010602 0.004113 0.997373
0 1 25.000000 0.027445 0.330949 0.003410 0.997849
1 1 25.000000 0.027445 0.330949 0.003410 0.997849
2 1 25.000000 0.475766 0.000000 0.004323 0.997230
3 1 25.000000 0.730949 0.462044 0.006582 0.995700
4 1 25.000000 0.684963 0.441536 0.004816 0.996896
5 0 25.000000 0. 0. 0. 0.
6 0 25.000000 0. 0. 0. 0.
7 0 25.000000 0. 0. 0. 0.
8 0 25.000000 0. 0. 0. 0.
9 1 25.000000 0.069162 0.302576 0.002651 0.998363
10 0 25.000000 0. 0. 0. 0.
11 0 25.000000 0. 0. 0. 0.
12 0 25.000000 0. 0. 0. 0.
13 0 25.000000 0. 0. 0. 0.
14 0 25.000000 0. 0. 0. 0.
15 0 25.000000 0. 0. 0. 0.
16 0 25.000000 0. 0. 0. 0.
17 1 25.000000 0.735300 0.446602 0.006137 0.996001
18 0 25.000000 0. 0. 0. 0.
19 0 25.000000 0. 0. 0. 0.
20 1 25.000000 0.686062 0.119615 0.000887 0.999558
21 0 25.000000 0. 0. 0. 0.
22 1 25.000000 0.472990 0.066670 0.003553 0.997752
23 0 25.000000 0. 0. 0. 0.
24 0 25.000000 0. 0. 0. 0.
25 1 25.000000 0.745793 0.448311 0.006055 0.996057
26 0 25.000000 0. 0. 0. 0.
27 0 25.000000 0. 0. 0. 0.
28 1 25.000000 0.740397 0.452707 0.006163 0.995984
29 0 25.000000 0. 0. 0. 0.
0 1 26.000000 0.027445 0.330949 0.003284 0.997934
1 1 26.000000 0.027445 0.330949 0.003284 0.997934
2 1 26.000000 0.475766 0.000000 0.004216 0.997303
3 1 26.000000 0.730949 0.462044 0.006467 0.995778
4 1 26.000000 0.694450 0.444377 0.005102 0.996702
5 0 26.000000 0. 0. 0. 0.
6 0 26.000000 0. 0. 0. 0.
7 0 26.000000 0. 0. 0. 0.
8 0 26.000000 0. 0. 0. 0.
9 1 26.000000 0.062221 0.309706 0.002667 0.998352
10 0 26.000000 0. 0. 0. 0.
11 0 26.000000 0. 0. 0. 0.
12 0 26.000000 0. 0. 0. 0.
13 0 26.000000 0. 0. 0. 0.
14 0 26.000000 0. 0. 0. 0.
15 0 26.000000 0. 0. 0. 0.
16 0 26.000000 0. 0. 0. 0.
17 1 26.000000 0.738181 0.456027 0.006126 0.996009
18 0 26.000000 0. 0. 0. 0.
19 0 26.000000 0. 0. 0. 0.
20 1 26.000000 0.676097 0.120112 0.000928 0.999530
21 0 26.000000 0. 0. 0. 0.
22 1 26.000000 0.468817 0.057646 0.003596 0.997723
23 0 26.000000 0. 0. 0. 0.
24 0 26.000000 0. 0. 0. 0.
25 1 26.000000 0.746792 0.458159 0.006034 0.996071
26 0 26.000000 0. 0. 0. 0.
27 0 26.000000 0. 0. 0. 0.
28 0 26.000000 0. 0. 0. 0.
29 0 26.000000 0. 0. 0. 0.
0 1 27.000000 0.027445 0.330949 0.003163 0.998016
1 1 27.000000 0.027445 0.330949 0.003163 0.998016
2 1 27.000000 0.475766 0.000000 0.004109 0.997375
3 1 27.000000 0.730949 0.462044 0.006348 0.995858
4 1 27.000000 0.703731 0.447682 0.005388 0.996509
5 0 27.000000 0. 0. 0. 0.
6 0 27.000000 0. 0. 0. 0.
7 0 27.000000 0. 0. 0. 0.
8 0 27.000000 0. 0. 0. 0.
9 1 27.000000 0.055064 0.316602 0.002693 0.998335
10 0 27.000000 0. 0. 0. 0.
11 0 27.000000 0. 0. 0. 0.
12 0 27.000000 0. 0. 0. 0.
13 0 27.000000 0. 0. 0. 0.
14 0 27.000000 0. 0. 0. 0.
15 0 27.000000 0. 0. 0. 0.
16 0 27.000000 0. 0. 0. 0.
17 0 27.000000 0. 0. 0. 0.
18 0 27.000000 0. 0. 0. 0.
19 0 27.000000 0. 0. 0. 0.
20 1 27.000000 0.666120 0.120088 0.000971 0.999501
21 0 27.000000 0. 0. 0. 0.
22 1 27.000000 0.464678 0.048597 0.003614 0.997711
23 0 27.000000 0. 0. 0. 0.
24 0 27.000000 0. 0. 0. 0.
25 0 27.000000 0. 0. 0. 0.
26 0 27.000000 0. 0. 0. 0.
27 0 27.000000 0. 0. 0. 0.
28 0 27.000000 0. 0. 0. 0.
29 0 27.000000 0. 0. 0. 0.
0 1 28.000000 0.027445 0.330949 0.003045 0.998096
1 1 28.000000 0.027445 0.330949 0.003045 0.998096
2 1 28.000000 0.475766 0.000000 0.004003 0.997447
3 1 28.000000 0.730949 0.462044 0.006227 0.995940
4 1 28.000000 0.712839 0.450991 0.005675 0.996315
5 0 28.000000 0. 0. 0. 0.
6 0 28.000000 0. 0. 0. 0.
7 0 28.000000 0. 0. 0. 0.
8 0 28.000000 0. 0. 0. 0.
9 1 28.000000 0.047688 0.323155 0.002739 0.998303
10 0 28.000000 0. 0. 0. 0.
11 0 28.000000 0. 0. 0. 0.
12 0 28.000000 0. 0. 0. 0.
13 0 28.000000 0. 0. 0. 0.
14 0 28.000000 0. 0. 0. 0.
15 0 28.000000 0. 0. 0. 0.
16 0 28.000000 0. 0. 0. 0.
17 0 28.000000 0. 0. 0. 0.
18 0 28.000000 0. 0. 0. 0.
19 0 28.000000 0. 0. 0. 0.
20 1 28.000000 0.656161 0.119558 0.001026 0.999464
21 0 28.000000 0. 0. 0. 0.
22 1 28.000000 0.460590 0.039512 0.003607 0.997715
23 0 28.000000 0. 0. 0. 0.
24 0 28.000000 0. 0. 0. 0.
25 0 28.000000 0. 0. 0. 0.
26 0 28.000000 0. 0. 0. 0.
27 0 28.000000 0. 0. 0. 0.
28 0 28.000000 0. 0. 0. 0.
29 0 28.000000 0. 0. 0. 0.
0 1 29.000000 0.027445 0.330949 0.002932 0.998173
1 1 29.000000 0.027445 0.330949 0.002932 0.998173
2 1 29.000000 0.475766 0.000000 0.003898 0.997518
3 1 29.000000 0.730949 0.462044 0.006104 0.996024
4 1 29.000000 0.721414 0.454777 0.005844 0.996200
5 0 29.000000 0. 0. 0. 0.
6 0 29.000000 0. 0. 0. 0.
7 0 29.000000 0. 0. 0. 0.
8 0 29.000000 0. 0. 0. 0.
9 1 29.000000 0.039189 0.328018 0.002805 0.998259
10 0 29.000000 0. 0. 0. 0.
11 0 29.000000 0. 0. 0. 0.
12 0 29.000000 0. 0. 0. 0.
13 0 29.000000 0. 0. 0. 0.
14 0 29.000000 0. 0. 0. 0.
15 0 29.000000 0. 0. 0. 0.
16 0 29.000000 0. 0. 0. 0.
17 0 29.000000 0. 0. 0. 0.
18 0 29.000000 0. 0. 0. 0.
19 0 29.000000 0. 0. 0. 0.
20 1 29.000000 0.646237 0.118545 0.001081 0.999427
21 0 29.000000 0. 0. 0. 0.
22 1 29.000000 0.456527 0.030408 0.003560 0.997747
23 0 29.000000 0. 0. 0. 0.
24 0 29.000000 0. 0. 0. 0.
25 0 29.000000 0. 0. 0. 0.
26 0 29.000000 0. 0. 0. 0.
27 0 29.000000 0. 0. 0. 0.
28 0 29.000000 0. 0. 0. 0.
29 0 29.000000 0. 0. 0. 0.
0 1 30.000000 0.027445 0.330949 0.002823 0.998247
1 1 30.000000 0.027445 0.330949 0.002823 0.998247
2 1 30.000000 0.475766 0.000000 0.003794 0.997589
3 1 30.000000 0.730949 0.462044 0.005979 0.996108
4 1 30.000000 0.726228 0.461018 0.005899 0.996163
5 0 30.000000 0. 0. 0. 0.
6 0 30.000000 0. 0. 0. 0.
7 0 30.000000 0. 0. 0. 0.
8 0 30.000000 0. 0. 0. 0.
9 1 30.000000 0.030913 0.332371 0.002823 0.998247
10 0 30.000000 0. 0. 0. 0.
11 0 30.000000 0. 0. 0. 0.
12 0 30.000000 0. 0. 0. 0.
13 0 30.000000 0. 0. 0. 0.
14 0 30.000000 0. 0. 0. 0.
15 0 30.000000 0. 0. 0. 0.
16 0 30.000000 0. 0. 0. 0.
17 0 30.000000 0. 0. 0. 0.
18 0 30.000000 0. 0. 0. 0.
19 0 30.000000 0. 0. 0. 0.
20 1 30.000000 0.636355 0.117170 0.001141 0.999386
21 0 30.000000 0. 0. 0. 0.
22 1 30.000000 0.452584 0.021251 0.003495 0.997791
23 0 30.000000 0. 0. 0. 0.
24 0 30.000000 0. 0. 0. 0.
25 0 30.000000 0. 0. 0. 0.
26 0 30.000000 0. 0. 0. 0.
27 0 30.000000 0. 0. 0. 0.
28 0 30.000000 0. 0. 0. 0.
29 0 30.000000 0. 0. 0. 0.
0 1 31.000000 0.027445 0.330949 0.002717 0.998318
1 1 31.000000 0.027445 0.330949 0.002717 0.998318
2 1 31.000000 0.475766 0.000000 0.003691 0.997659
3 1 31.000000 0.730949 0.462044 0.005854 0.996193
4 0 31.000000 0. 0. 0. 0.
5 0 31.000000 0. 0. 0. 0.
6 0 31.000000 0. 0. 0. 0.
7 0 31.000000 0. 0. 0. 0.
8 0 31.000000 0. 0. 0. 0.
9 1 31.000000 0.027445 0.330949 0.002717 0.998318
10 0 31.000000 0. 0. 0. 0.
11 0 31.000000 0. 0. 0. 0.
12 0 31.000000 0. 0. 0. 0.
13 0 31.000000 0. 0. 0. 0.
14 0 31.000000 0. 0. 0. 0.
15 0 31.000000 0. 0. 0. 0.
16 0 31.000000 0. 0. 0. 0.
17 0 31.000000 0. 0. 0. 0.
18 0 31.000000 0. 0. 0. 0.
19 0 31.000000 0. 0. 0. 0.
20 1 31.000000 0.626527 0.115461 0.001202 0.999345
21 0 31.000000 0. 0. 0. 0.
22 1 31.000000 0.448854 0.011998 0.003408 0.997851
23 0 31.000000 0. 0. 0. 0.
24 0 31.000000 0. 0. 0. 0.
25 0 31.000000 0. 0. 0. 0.
26 0 31.000000 0. 0. 0. 0.
27 0 31.000000 0. 0. 0. 0.
28 0 31.000000 0. 0. 0. 0.
29 0 31.000000 0. 0. 0. 0.
0 1 32.000000 0.027445 0.330949 0.002615 0.998387
1 1 32.000000 0.027445 0.330949 0.002615 0.998387
2 1 32.000000 0.475766 0.000000 0.003589 0.997728
3 1 32.000000 0.730949 0.462044 0.005728 0.996278
4 0 32.000000 0. 0. 0. 0.
5 0 32.000000 0. 0. 0. 0.
6 0 32.000000 0. 0. 0. 0.
7 0 32.000000 0. 0. 0. 0.
8 0 32.000000 0. 0. 0. 0.
9 1 32.000000 0.027445 0.330949 0.002615 0.998387
10 0 32.000000 0. 0. 0. 0.
11 0 32.000000 0. 0. 0. 0.
12 0 32.000000 0. 0. 0. 0.
13 0 32.000000 0. 0. 0. 0.
14 0 32.000000 0. 0. 0. 0.
15 0 32.000000 0. 0. 0. 0.
16 0 32.000000 0. 0. 0. 0.
17 0 32.000000 0. 0. 0. 0.
18 0 32.000000 0. 0. 0. 0.
19 0 32.000000 0. 0. 0. 0.
20 1 32.000000 0.616759 0.113537 0.001263 0.999304
21 0 32.000000 0. 0. 0. 0.
22 0 32.000000 0. 0. 0. 0.
23 0 32.000000 0. 0. 0. 0.
24 0 32.000000 0. 0. 0. 0.
25 0 32.000000 0. 0. 0. 0.
26 0 32.000000 0. 0. 0. 0.
27 0 32.000000 0. 0. 0. 0.
28 0 32.000000 0. 0. 0. 0.
29 0 32.000000 0. 0. 0. 0.
0 1 33.000000 0.027445 0.330949 0.002517 0.998454
1 1 33.000000 0.027445 0.330949 0.002517 0.998454
2 1 33.000000 0.475766 0.000000 0.003489 0.997795
3 1 33.000000 0.730949 0.462044 0.005602 0.996364
4 0 33.000000 0. 0. 0. 0.
5 0 33.000000 0. 0. 0. 0.
6 0 33.000000 0. 0. 0. 0.
7 0 33.000000 0. 0. 0. 0.
8 0 33.000000 0. 0. 0. 0.
9 1 33.000000 0.027445 0.330949 0.002517 0.998454
10 0 33.000000 0. 0. 0. 0.
11 0 33.000000 0. 0. 0. 0.
12 0 33.000000 0. 0. 0. 0.
13 0 33.000000 0. 0. 0. 0.
14 0 33.000000 0. 0. 0. 0.
15 0 33.000000 0. 0. 0. 0.
16 0 33.000000 0. 0. 0. 0.
17 0 33.000000 0. 0. 0. 0.
18 0 33.000000 0. 0. 0. 0.
19 0 33.000000 0. 0. 0. 0.
20 1 33.000000 0.607017 0.111470 0.001328 0.999259
21 0 33.000000 0. 0. 0. 0.
22 0 33.000000 0. 0. 0. 0.
23 0 33.000000 0. 0. 0. 0.
24 0 33.000000 0. 0. 0. 0.
25 0 33.000000 0. 0. 0. 0.
26 0 33.000000 0. 0. 0. 0.
27 0 33.000000 0. 0. 0. 0.
28 0 33.000000 0. 0. 0. 0.
29 0 33.000000 0. 0. 0. 0.
0 1 34.000000 0.027445 0.330949 0.002422 0.998518
1 1 34.000000 0.027445 0.330949 0.002422 0.998518
2 1 34.000000 0.475766 0.000000 0.003391 0.997862
3 1 34.000000 0.730949 0.462044 0.005477 0.996449
4 0 34.000000 0. 0. 0. 0.
5 0 34.000000 0. 0. 0. 0.
6 0 34.000000 0. 0. 0. 0.
7 0 34.000000 0. 0. 0. 0.
8 0 34.000000 0. 0. 0. 0.
9 1 34.000000 0.027445 0.330949 0.002422 0.998518
10 0 34.000000 0. 0. 0. 0.
11 0 34.000000 0. 0. 0. 0.
12 0 34.000000 0. 0. 0. 0.
13 0 34.000000 0. 0. 0. 0.
14 0 34.000000 0. 0. 0. 0.
15 0 34.000000 0. 0. 0. 0.
16 0 34.000000 0. 0. 0. 0.
17 0 34.000000 0. 0. 0. 0.
18 0 34.000000 0. 0. 0. 0.
19 0 34.000000 0. 0. 0. 0.
20 1 34.000000 0.597313 0.109251 0.001385 0.999221
21 0 34.000000 0. 0. 0. 0.
22 0 34.000000 0. 0. 0. 0.
23 0 34.000000 0. 0. 0. 0.
24 0 34.000000 0. 0. 0. 0.
25 0 34.000000 0. 0. 0. 0.
26 0 34.000000 0. 0. 0. 0.
27 0 34.000000 0. 0. 0. 0.
28 0 34.000000 0. 0. 0. 0.
29 0 34.000000 0. 0. 0. 0.
0 1 35.000000 0.027445 0.330949 0.002331 0.998580
1 1 35.000000 0.027445 0.330949 0.002331 0.998580
2 1 35.000000 0.475766 0.000000 0.003294 0.997927
3 1 35.000000 0.730949 0.462044 0.005351 0.996534
4 0 35.000000 0. 0. 0. 0.
5 0 35.000000 0. 0. 0. 0.
6 0 35.000000 0. 0. 0. 0.
7 0 35.000000 0. 0. 0. 0.
8 0 35.000000 0. 0. 0. 0.
9 1 35.000000 0.027445 0.330949 0.002331 0.998580
10 0 35.000000 0. 0. 0. 0.
11 0 35.000000 0. 0. 0. 0.
12 0 35.000000 0. 0. 0. 0.
13 0 35.000000 0. 0. 0. 0.
14 0 35.000000 0. 0. 0. 0.
15 0 35.000000 0. 0. 0. 0.
16 0 35.000000 0. 0. 0. 0.
17 0 35.000000 0. 0. 0. 0.
18 0 35.000000 0. 0. 0. 0.
19 0 35.000000 0. 0. 0. 0.
20 1 35.000000 0.587692 0.106786 0.001439 0.999184
21 0 35.000000 0. 0. 0. 0.
22 0 35.000000 0. 0. 0. 0.
23 0 35.000000 0. 0. 0. 0.
24 0 35.000000 0. 0. 0. 0.
25 0 35.000000 0. 0. 0. 0.
26 0 35.000000 0. 0. 0. 0.
27 0 35.000000 0. 0. 0. 0.
28 0 35.000000 0. 0. 0. 0.
29 0 35.000000 0. 0. 0. 0.
0 1 36.000000 0.027445 0.330949 0.002243 0.998639
1 1 36.000000 0.027445 0.330949 0.002243 0.998639
2 1 36.000000 0.475766 0.000000 0.003199 0.997992
3 1 36.000000 0.730949 0.462044 0.005227 0.996618
4 0 36.000000 0. 0. 0. 0.
5 0 36.000000 0. 0. 0. 0.
6 0 36.000000 0. 0. 0. 0.
7 0 36.000000 0. 0. 0. 0.
8 0 36.000000 0. 0. 0. 0.
9 1 36.000000 0.027445 0.330949 0.002243 0.998639
10 0 36.000000 0. 0. 0. 0.
11 0 36.000000 0. 0. 0. 0.
12 0 36.000000 0. 0. 0. 0.
13 0 36.000000 0. 0. 0. 0.
14 0 36.000000 0. 0. 0. 0.
15 0 36.000000 0. 0. 0. 0.
16 0 36.000000 0. 0. 0. 0.
17 0 36.000000 0. 0. 0. 0.
18 0 36.000000 0. 0. 0. 0.
19 0 36.000000 0. 0. 0. 0.
20 1 36.000000 0.578262 0.104016 0.001478 0.999158
21 0 36.000000 0. 0. 0. 0.
22 0 36.000000 0. 0. 0. 0.
23 0 36.000000 0. 0. 0. 0.
24 0 36.000000 0. 0. 0. 0.
25 0 36.000000 0. 0. 0. 0.
26 0 36.000000 0. 0. 0. 0.
27 0 36.000000 0. 0. 0. 0.
28 0 36.000000 0. 0. 0. 0.
29 0 36.000000 0. 0. 0. 0.
0 1 37.000000 0.027445 0.330949 0.002159 0.998697
1 1 37.000000 0.027445 0.330949 0.002159 0.998697
2 1 37.000000 0.475766 0.000000 0.003106 0.998055
3 1 37.000000 0.730949 0.462044 0.005103 0.996702
4 0 37.000000 0. 0. 0. 0.
5 0 37.000000 0. 0. 0. 0.
6 0 37.000000 0. 0. 0. 0.
7 0 37.000000 0. 0. 0. 0.
8 0 37.000000 0. 0. 0. 0.
9 1 37.000000 0.027445 0.330949 0.002159 0.998697
10 0 37.000000 0. 0. 0. 0.
11 0 37.000000 0. 0. 0. 0.
12 0 37.000000 0. 0. 0. 0.
13 0 37.000000 0. 0. 0. 0.
14 0 37.000000 0. 0. 0. 0.
15 0 37.000000 0. 0. 0. 0.
16 0 37.000000 0. 0. 0. 0.
17 0 37.000000 0. 0. 0. 0.
18 0 37.000000 0. 0. 0. 0.
19 0 37.000000 0. 0. 0. 0.
20 1 37.000000 0.569183 0.100244 0.001511 0.999135
21 0 37.000000 0. 0. 0. 0.
22 0 37.000000 0. 0. 0. 0.
23 0 37.000000 0. 0. 0. 0.
24 0 37.000000 0. 0. 0. 0.
25 0 37.000000 0. 0. 0. 0.
26 0 37.000000 0. 0. 0. 0.
27 0 37.000000 0. 0. 0. 0.
28 0 37.000000 0. 0. 0. 0.
29 0 37.000000 0. 0. 0. 0.
0 1 38.000000 0.027445 0.330949 0.002077 0.998752
1 1 38.000000 0.027445 0.330949 0.002077 0.998752
2 1 38.000000 0.475766 0.000000 0.003015 0.998116
3 1 38.000000 0.730949 0.462044 0.004981 0.996785
4 0 38.000000 0. 0. 0. 0.
5 0 38.000000 0. 0. 0. 0.
6 0 38.000000 0. 0. 0. 0.
7 0 38.000000 0. 0. 0. 0.
8 0 38.000000 0. 0. 0. 0.
9 1 38.000000 0.027445 0.330949 0.002077 0.998752
10 0 38.000000 0. 0. 0. 0.
11 0 38.000000 0. 0. 0. 0.
12 0 38.000000 0. 0. 0. 0.
13 0 38.000000 0. 0. 0. 0.
14 0 38.000000 0. 0. 0. 0.
15 0 38.000000 0. 0. 0. 0.
16 0 38.000000 0. 0. 0. 0.
17 0 38.000000 0. 0. 0. 0.
18 0 38.000000 0. 0. 0. 0.
19 0 38.000000 0. 0. 0. 0.
20 1 38.000000 0.560864 0.094826 0.001533 0.999121
21 0 38.000000 0. 0. 0. 0.
22 0 38.000000 0. 0. 0. 0.
23 0 38.000000 0. 0. 0. 0.
24 0 38.000000 0. 0. 0. 0.
25 0 38.000000 0. 0. 0. 0.
26 0 38.000000 0. 0. 0. 0.
27 0 38.000000 0. 0. 0. 0.
28 0 38.000000 0. 0. 0. 0.
29 0 38.000000 0. 0. 0. 0.
0 1 39.000000 0.027445 0.330949 0.001999 0.998805
1 1 39.000000 0.027445 0.330949 0.001999 0.998805
2 1 39.000000 0.475766 0.000000 0.002926 0.998177
3 1 39.000000 0.730949 0.462044 0.004860 0.996866
4 0 39.000000 0. 0. 0. 0.
5 0 39.000000 0. 0. 0. 0.
6 0 39.000000 0. 0. 0. 0.
7 0 39.000000 0. 0. 0. 0.
8 0 39.000000 0. 0. 0. 0.
9 1 39.000000 0.027445 0.330949 0.001999 0.998805
10 0 39.000000 0. 0. 0. 0.
11 0 39.000000 0. 0. 0. 0.
12 0 39.000000 0. 0. 0. 0.
13 0 39.000000 0. 0. 0. 0.
14 0 39.000000 0. 0. 0. 0.
15 0 39.000000 0. 0. 0. 0.
16 0 39.000000 0. 0. 0. 0.
17 0 39.000000 0. 0. 0. 0.
18 0 39.000000 0. 0. 0. 0.
19 0 39.000000 0. 0. 0. 0.
20 1 39.000000 0.553475 0.088281 0.001556 0.999105
21 0 39.000000 0. 0. 0. 0.
22 0 39.000000 0. 0. 0. 0.
23 0 39.000000 0. 0. 0. 0.
24 0 39.000000 0. 0. 0. 0.
25 0 39.000000 0. 0. 0. 0.
26 0 39.000000 0. 0. 0. 0.
27 0 39.000000 0. 0. 0. 0.
28 0 39.000000 0. 0. 0. 0.
29 0 39.000000 0. 0. 0. 0.
0 1 40.000000 0.027445 0.330949 0.001924 0.998856
1 1 40.000000 0.027445 0.330949 0.001924 0.998856
2 1 40.000000 0.475766 0.000000 0.002839 0.998236
3 1 40.000000 0.730949 0.462044 0.004741 0.996947
4 0 40.000000 0. 0. 0. 0.
5 0 40.000000 0. 0. 0. 0.
6 0 40.000000 0. 0. 0. 0.
7 0 40.000000 0. 0. 0. 0.
8 0 40.000000 0. 0. 0. 0.
9 1 40.000000 0.027445 0.330949 0.001924 0.998856
10 0 40.000000 0. 0. 0. 0.
11 0 40.000000 0. 0. 0. 0.
12 0 40.000000 0. 0. 0. 0.
13 0 40.000000 0. 0. 0. 0.
14 0 40.000000 0. 0. 0. 0.
15 0 40.000000 0. 0. 0. 0.
16 0 40.000000 0. 0. 0. 0.
17 0 40.000000 0. 0. 0. 0.
18 0 40.000000 0. 0. 0. 0.
19 0 40.000000 0. 0. 0. 0.
20 1 40.000000 0.547483 0.080360 0.001594 0.999079
21 0 40.000000 0. 0. 0. 0.
22 0 40.000000 0. 0. 0. 0.
23 0 40.000000 0. 0. 0. 0.
24 0 40.000000 0. 0. 0. 0.
25 0 40.000000 0. 0. 0. 0.
26 0 40.000000 0. 0. 0. 0.
27 0 40.000000 0. 0. 0. 0.
28 0 40.000000 0. 0. 0. 0.
29 0 40.000000 0. 0. 0. 0.
0 1 41.000000 0.027445 0.330949 0.001857 0.998901
1 1 41.000000 0.027445 0.330949 0.001857 0.998901
2 1 41.000000 0.475766 0.000000 0.002760 0.998289
3 1 41.000000 0.730949 0.462044 0.004632 0.997021
4 0 41.000000 0. 0. 0. 0.
5 0 41.000000 0. 0. 0. 0.
6 0 41.000000 0. 0. 0. 0.
7 0 41.000000 0. 0. 0. 0.
8 0 41.000000 0. 0. 0. 0.
9 1 41.000000 0.027445 0.330949 0.001857 0.998901
10 0 41.000000 0. 0. 0. 0.
11 0 41.000000 0. 0. 0. 0.
12 0 41.000000 0. 0. 0. 0.
13 0 41.000000 0. 0. 0. 0.
14 0 41.000000 0. 0. 0. 0.
15 0 41.000000 0. 0. 0. 0.
16 0 41.000000 0. 0. 0. 0.
17 0 41.000000 0. 0. 0. 0.
18 0 41.000000 0. 0. 0. 0.
19 0 41.000000 0. 0. 0. 0.
20 1 41.000000 0.541236 0.072615 0.001658 0.999036
21 0 41.000000 0. 0. 0. 0.
22 0 41.000000 0. 0. 0. 0.
23 0 41.000000 0. 0. 0. 0.
24 0 41.000000 0. 0. 0. 0.
25 0 41.000000 0. 0. 0. 0.
26 0 41.000000 0. 0. 0. 0.
27 0 41.000000 0. 0. 0. 0.
28 0 41.000000 0. 0. 0. 0.
29 0 41.000000 0. 0. 0. 0.
0 1 42.000000 0.027445 0.330949 0.001802 0.998938
1 1 42.000000 0.027445 0.330949 0.001802 0.998938
2 1 42.000000 0.475766 0.000000 0.002695 0.998333
3 1 42.000000 0.730949 0.462044 0.004541 0.997083
4 0 42.000000 0. 0. 0. 0.
5 0 42.000000 0. 0. 0. 0.
6 0 42.000000 0. 0. 0. 0.
7 0 42.000000 0. 0. 0. 0.
8 0 42.000000 0. 0. 0. 0.
9 1 42.000000 0.027445 0.330949 0.001802 0.998938
10 0 42.000000 0. 0. 0. 0.
11 0 42.000000 0. 0. 0. 0.
12 0 42.000000 0. 0. 0. 0.
13 0 42.000000 0. 0. 0. 0.
14 0 42.000000 0. 0. 0. 0.
15 0 42.000000 0. 0. 0. 0.
16 0 42.000000 0. 0. 0. 0.
17 0 42.000000 0. 0. 0. 0.
18 0 42.000000 0. 0. 0. 0.
19 0 42.000000 0. 0. 0. 0.
20 1 42.000000 0.534259 0.065521 0.001758 0.998968
21 0 42.000000 0. 0. 0. 0.
22 0 42.000000 0. 0. 0. 0.
23 0 42.000000 0. 0. 0. 0.
24 0 42.000000 0. 0. 0. 0.
25 0 42.000000 0. 0. 0. 0.
26 0 42.000000 0. 0. 0. 0.
27 0 42.000000 0. 0. 0. 0.
28 0 42.000000 0. 0. 0. 0.
29 0 42.000000 0. 0. 0. 0.
0 1 43.000000 0.027445 0.330949 0.001745 0.998977
1 1 43.000000 0.027445 0.330949 0.001745 0.998977
2 1 43.000000 0.475766 0.000000 0.002630 0.998378
3 1 43.000000 0.730949 0.462044 0.004448 0.997146
4 0 43.000000 0. 0. 0. 0.
5 0 43.000000 0. 0. 0. 0.
6 0 43.000000 0. 0. 0. 0.
7 0 43.000000 0. 0. 0. 0.
8 0 43.000000 0. 0. 0. 0.
9 1 43.000000 0.027445 0.330949 0.001745 0.998977
10 0 43.000000 0. 0. 0. 0.
11 0 43.000000 0. 0. 0. 0.
12 0 43.000000 0. 0. 0. 0.
13 0 43.000000 0. 0. 0. 0.
14 0 43.000000 0. 0. 0. 0.
15 0 43.000000 0. 0. 0. 0.
16 0 43.000000 0. 0. 0. 0.
17 0 43.000000 0. 0. 0. 0.
18 0 43.000000 0. 0. 0. 0.
19 0 43.000000 0. 0. 0. 0.
20 1 43.000000 0.526573 0.059198 0.001856 0.998901
21 0 43.000000 0. 0. 0. 0.
22 0 43.000000 0. 0. 0. 0.
23 0 43.000000 0. 0. 0. 0.
24 0 43.000000 0. 0. 0. 0.
25 0 43.000000 0. 0. 0. 0.
26 0 43.000000 0. 0. 0. 0.
27 0 43.000000 0. 0. 0. 0.
28 0 43.000000 0. 0. 0. 0.
29 0 43.000000 0. 0. 0. 0.
0 1 44.000000 0.027445 0.330949 0.001688 0.999015
1 1 44.000000 0.027445 0.330949 0.001688 0.999015
2 1 44.000000 0.475766 0.000000 0.002564 0.998422
3 1 44.000000 0.730949 0.462044 0.004354 0.997209
4 0 44.000000 0. 0. 0. 0.
5 0 44.000000 0. 0. 0. 0.
6 0 44.000000 0. 0. 0. 0.
7 0 44.000000 0. 0. 0. 0.
8 0 44.000000 0. 0. 0. 0.
9 1 44.000000 0.027445 0.330949 0.001688 0.999015
10 0 44.000000 0. 0. 0. 0.
11 0 44.000000 0. 0. 0. 0.
12 0 44.000000 0. 0. 0. 0.
13 0 44.000000 0. 0. 0. 0.
14 0 44.000000 0. 0. 0. 0.
15 0 44.000000 0. 0. 0. 0.
16 0 44.000000 0. 0. 0. 0.
17 0 44.000000 0. 0. 0. 0.
18 0 44.000000 0. 0. 0. 0.
19 0 44.000000 0. 0. 0. 0.
20 1 44.000000 0.518475 0.053414 0.001941 0.998844
21 0 44.000000 0. 0. 0. 0.
22 0 44.000000 0. 0. 0. 0.
23 0 44.000000 0. 0. 0. 0.
24 0 44.000000 0. 0. 0. 0.
25 0 44.000000 0. 0. 0. 0.
26 0 44.000000 0. 0. 0. 0.
27 0 44.000000 0. 0. 0. 0.
28 0 44.000000 0. 0. 0. 0.
29 0 44.000000 0. 0. 0. 0.
0 1 45.000000 0.027445 0.330949 0.001633 0.999053
1 1 45.000000 0.027445 0.330949 0.001633 0.999053
2 1 45.000000 0.475766 0.000000 0.002498 0.998467
3 1 45.000000 0.730949 0.462044 0.004262 0.997272
4 0 45.000000 0. 0. 0. 0.
5 0 45.000000 0. 0. 0. 0.
6 0 45.000000 0. 0. 0. 0.
7 0 45.000000 0. 0. 0. 0.
8 0 45.000000 0. 0. 0. 0.
9 1 45.000000 0.027445 0.330949 0.001633 0.999053
10 0 45.000000 0. 0. 0. 0.
11 0 45.000000 0. 0. 0. 0.
12 0 45.000000 0. 0. 0. 0.
13 0 45.000000 0. 0. 0. 0.
14 0 45.000000 0. 0. 0. 0.
15 0 45.000000 0. 0. 0. 0.
16 0 45.000000 0. 0. 0. 0.
17 0 45.000000 0. 0. 0. 0.
18 0 45.000000 0. 0. 0. 0.
19 0 45.000000 0. 0. 0. 0.
20 1 45.000000 0.510346 0.047665 0.002007 0.998799
21 0 45.000000 0. 0. 0. 0.
22 0 45.000000 0. 0. 0. 0.
23 0 45.000000 0. 0. 0. 0.
24 0 45.000000 0. 0. 0. 0.
25 0 45.000000 0. 0. 0. 0.
26 0 45.000000 0. 0. 0. 0.
27 0 45.000000 0. 0. 0. 0.
28 0 45.000000 0. 0. 0. 0.
29 0 45.000000 0. 0. 0. 0.
0 1 46.000000 0.027445 0.330949 0.001578 0.999090
1 1 46.000000 0.027445 0.330949 0.001578 0.999090
2 1 46.000000 0.475766 0.000000 0.002433 0.998511
3 1 46.000000 0.730949 0.462044 0.004170 0.997334
4 0 46.000000 0. 0. 0. 0.
5 0 46.000000 0. 0. 0. 0.
6 0 46.000000 0. 0. 0. 0.
7 0 46.000000 0. 0. 0. 0.
8 0 46.000000 0. 0. 0. 0.
9 1 46.000000 0.027445 0.330949 0.001578 0.999090
10 0 46.000000 0. 0. 0. 0.
11 0 46.000000 0. 0. 0. 0.
12 0 46.000000 0. 0. 0. 0.
13 0 46.000000 0. 0. 0. 0.
14 0 46.000000 0. 0. 0. 0.
15 0 46.000000 0. 0. 0. 0.
16 0 46.000000 0. 0. 0. 0.
17 0 46.000000 0. 0. 0. 0.
18 0 46.000000 0. 0. 0. 0.
19 0 46.000000 0. 0. 0. 0.
20 1 46.000000 0.502591 0.041443 0.002050 0.998770
21 0 46.000000 0. 0. 0. 0.
22 0 46.000000 0. 0. 0. 0.
23 0 46.000000 0. 0. 0. 0.
24 0 46.000000 0. 0. 0. 0.
25 0 46.000000 0. 0. 0. 0.
26 0 46.000000 0. 0. 0. 0.
27 0 46.000000 0. 0. 0. 0.
28 0 46.000000 0. 0. 0. 0.
29 0 46.000000 0. 0. 0. 0.
0 1 47.000000 0.027445 0.330949 0.001526 0.999125
1 1 47.000000 0.027445 0.330949 0.001526 0.999125
2 1 47.000000 0.475766 0.000000 0.002368 0.998555
3 1 47.000000 0.730949 0.462044 0.004079 0.997396
4 0 47.000000 0. 0. 0. 0.
5 0 47.000000 0. 0. 0. 0.
6 0 47.000000 0. 0. 0. 0.
7 0 47.000000 0. 0. 0. 0.
8 0 47.000000 0. 0. 0. 0.
9 1 47.000000 0.027445 0.330949 0.001526 0.999125
10 0 47.000000 0. 0. 0. 0.
11 0 47.000000 0. 0. 0. 0.
12 0 47.000000 0. 0. 0. 0.
13 0 47.000000 0. 0. 0. 0.
14 0 47.000000 0. 0. 0. 0.
15 0 47.000000 0. 0. 0. 0.
16 0 47.000000 0. 0. 0. 0.
17 0 47.000000 0. 0. 0. 0.
18 0 47.000000 0. 0. 0. 0.
19 0 47.000000 0. 0. 0. 0.
20 1 47.000000 0.495343 0.034624 0.002087 0.998745
21 0 47.000000 0. 0. 0. 0.
22 0 47.000000 0. 0. 0. 0.
23 0 47.000000 0. 0. 0. 0.
24 0 47.000000 0. 0. 0. 0.
25 0 47.000000 0. 0. 0. 0.
26 0 47.000000 0. 0. 0. 0.
27 0 47.000000 0. 0. 0. 0.
28 0 47.000000 0. 0. 0. 0.
29 0 47.000000 0. 0. 0. 0.
0 1 48.000000 0.027445 0.330949 0.001475 0.999160
1 1 48.000000 0.027445 0.330949 0.001475 0.999160
2 1 48.000000 0.475766 0.000000 0.002305 0.998598
3 1 48.000000 0.730949 0.462044 0.003989 0.997456
4 0 48.000000 0. 0. 0. 0.
5 0 48.000000 0. 0. 0. 0.
6 0 48.000000 0. 0. 0. 0.
7 0 48.000000 0. 0. 0. 0.
8 0 48.000000 0. 0. 0. 0.
9 1 48.000000 0.027445 0.330949 0.001475 0.999160
10 0 48.000000 0. 0. 0. 0.
11 0 48.000000 0. 0. 0. 0.
12 0 48.000000 0. 0. 0. 0.
13 0 48.000000 0. 0. 0. 0.
14 0 48.000000 0. 0. 0. 0.
15 0 48.000000 0. 0. 0. 0.
16 0 48.000000 0. 0. 0. 0.
17 0 48.000000 0. 0. 0. 0.
18 0 48.000000 0. 0. 0. 0.
19 0 48.000000 0. 0. 0. 0.
20 1 48.000000 0.488525 0.027360 0.002113 0.998728
21 0 48.000000 0. 0. 0. 0.
22 0 48.000000 0. 0. 0. 0.
23 0 48.000000 0. 0. 0. 0.
24 0 48.000000 0. 0. 0. 0.
25 0 48.000000 0. 0. 0. 0.
26 0 48.000000 0. 0. 0. 0.
27 0 48.000000 0. 0. 0. 0.
28 0 48.000000 0. 0. 0. 0.
29 0 48.000000 0. 0. 0. 0.
0 1 49.000000 0.027445 0.330949 0.001426 0.999193
1 1 49.000000 0.027445 0.330949 0.001426 0.999193
2 1 49.000000 0.475766 0.000000 0.002242 0.998640
3 1 49.000000 0.730949 0.462044 0.003901 0.997516
4 0 49.000000 0. 0. 0. 0.
5 0 49.000000 0. 0. 0. 0.
6 0 49.000000 0. 0. 0. 0.
7 0 49.000000 0. 0. 0. 0.
8 0 49.000000 0. 0. 0. 0.
9 1 49.000000 0.027445 0.330949 0.001426 0.999193
10 0 49.000000 0. 0. 0. 0.
11 0 49.000000 0. 0. 0. 0.
12 0 49.000000 0. 0. 0. 0.
13 0 49.000000 0. 0. 0. 0.
14 0 49.000000 0. 0. 0. 0.
15 0 49.000000 0. 0. 0. 0.
16 0 49.000000 0. 0. 0. 0.
17 0 49.000000 0. 0. 0. 0.
18 0 49.000000 0. 0. 0. 0.
19 0 49.000000 0. 0. 0. 0.
20 1 49.000000 0.482019 0.019810 0.002126 0.998719
21 0 49.000000 0. 0. 0. 0.
22 0 49.000000 0. 0. 0. 0.
23 0 49.000000 0. 0. 0. 0.
24 0 49.000000 0. 0. 0. 0.
25 0 49.000000 0. 0. 0. 0.
26 0 49.000000 0. 0. 0. 0.
27 0 49.000000 0. 0. 0. 0.
28 0 49.000000 0. 0. 0. 0.
29 0 49.000000 0. 0. 0. 0.
0 1 50.000000 0.027445 0.330949 0.001379 0.999225
1 1 50.000000 0.027445 0.330949 0.001379 0.999225
2 1 50.000000 0.475766 0.000000 0.002180 0.998682
3 1 50.000000 0.730949 0.462044 0.003813 0.997576
4 0 50.000000 0. 0. 0. 0.
5 0 50.000000 0. 0. 0. 0.
6 0 50.000000 0. 0. 0. 0.
7 0 50.000000 0. 0. 0. 0.
8 0 50.000000 0. 0. 0. 0.
9 1 50.000000 0.027445 0.330949 0.001379 0.999225
10 0 50.000000 0. 0. 0. 0.
11 0 50.000000 0. 0. 0. 0.
12 0 50.000000 0. 0. 0. 0.
13 0 50.000000 0. 0. 0. 0.
14 0 50.000000 0. 0. 0. 0.
15 0 50.000000 0. 0. 0. 0.
16 0 50.000000 0. 0. 0. 0.
17 0 50.000000 0. 0. 0. 0.
18 0 50.000000 0. 0. 0. 0.
19 0 50.000000 0. 0. 0. 0.
20 1 50.000000 0.476308 0.011777 0.002118 0.998724
21 0 50.000000 0. 0. 0. 0.
22 0 50.000000 0. 0. 0. 0.
23 0 50.000000 0. 0. 0. 0.
24 0 50.000000 0. 0. 0. 0.
25 0 50.000000 0. 0. 0. 0.
26 0 50.000000 0. 0. 0. 0.
27 0 50.000000 0. 0. 0. 0.
28 0 50.000000 0. 0. 0. 0.
29 0 50.000000 0. 0. 0. 0.
0 1 51.000000 0.027445 0.330949 0.001333 0.999256
1 1 51.000000 0.027445 0.330949 0.001333 0.999256
2 1 51.000000 0.475766 0.000000 0.002120 0.998723
3 1 51.000000 0.730949 0.462044 0.003727 0.997634
4 0 51.000000 0. 0. 0. 0.
5 0 51.000000 0. 0. 0. 0.
6 0 51.000000 0. 0. 0. 0.
7 0 51.000000 0. 0. 0. 0.
8 0 51.000000 0. 0. 0. 0.
9 1 51.000000 0.027445 0.330949 0.001333 0.999256
10 0 51.000000 0. 0. 0. 0.
11 0 51.000000 0. 0. 0. 0.
12 0 51.000000 0. 0. 0. 0.
13 0 51.000000 0. 0. 0. 0.
14 0 51.000000 0. 0. 0. 0.
15 0 51.000000 0. 0. 0. 0.
16 0 51.000000 0. 0. 0. 0.
17 0 51.000000 0. 0. 0. 0.
18 0 51.000000 0. 0. 0. 0.
19 0 51.000000 0. 0. 0. 0.
20 1 51.000000 0.474168 0.002548 0.002100 0.998736
21 0 51.000000 0. 0. 0. 0.
22 0 51.000000 0. 0. 0. 0.
23 0 51.000000 0. 0. 0. 0.
24 0 51.000000 0. 0. 0. 0.
25 0 51.000000 0. 0. 0. 0.
26 0 51.000000 0. 0. 0. 0.
27 0 51.000000 0. 0. 0. 0.
28 0 51.000000 0. 0. 0. 0.
29 0 51.000000 0. 0. 0. 0.
0 1 52.000000 0.027445 0.330949 0.001289 0.999286
1 1 52.000000 0.027445 0.330949 0.001289 0.999286
2 1 52.000000 0.475766 0.000000 0.002061 0.998763
3 1 52.000000 0.730949 0.462044 0.003642 0.997692
4 0 52.000000 0. 0. 0. 0.
5 0 52.000000 0. 0. 0. 0.
6 0 52.000000 0. 0. 0. 0.
7 0 52.000000 0. 0. 0. 0.
8 0 52.000000 0. 0. 0. 0.
9 1 52.000000 0.027445 0.330949 0.001289 0.999286
10 0 52.000000 0. 0. 0. 0.
11 0 52.000000 0. 0. 0. 0.
12 0 52.000000 0. 0. 0. 0.
13 0 52.000000 0. 0. 0. 0.
14 0 52.000000 0. 0. 0. 0.
15 0 52.000000 0. 0. 0. 0.
16 0 52.000000 0. 0. 0. 0.
17 0 52.000000 0. 0. 0. 0.
18 0 52.000000 0. 0. 0. 0.
19 0 52.000000 0. 0. 0. 0.
20 0 52.000000 0. 0. 0. 0.
21 0 52.000000 0. 0. 0. 0.
22 0 52.000000 0. 0. 0. 0.
23 0 52.000000 0. 0. 0. 0.
24 0 52.000000 0. 0. 0. 0.
25 0 52.000000 0. 0. 0. 0.
26 0 52.000000 0. 0. 0. 0.
27 0 52.000000 0. 0. 0. 0.
28 0 52.000000 0. 0. 0. 0.
29 0 52.000000 0. 0. 0. 0.
0 1 53.000000 0.027445 0.330949 0.001247 0.999314
1 1 53.000000 0.027445 0.330949 0.001247 0.999314
2 1 53.000000 0.475766 0.000000 0.002003 0.998802
3 1 53.000000 0.730949 0.462044 0.003558 0.997749
4 0 53.000000 0. 0. 0. 0.
5 0 53.000000 0. 0. 0. 0.
6 0 53.000000 0. 0. 0. 0.
7 0 53.000000 0. 0. 0. 0.
8 0 53.000000 0. 0. 0. 0.
9 1 53.000000 0.027445 0.330949 0.001247 0.999314
10 0 53.000000 0. 0. 0. 0.
11 0 53.000000 0. 0. 0. 0.
12 0 53.000000 0. 0. 0. 0.
13 0 53.000000 0. 0. 0. 0.
14 0 53.000000 0. 0. 0. 0.
15 0 53.000000 0. 0. 0. 0.
16 0 53.000000 0. 0. 0. 0.
17 0 53.000000 0. 0. 0. 0.
18 0 53.000000 0. 0. 0. 0.
19 0 53.000000 0. 0. 0. 0.
20 0 53.000000 0. 0. 0. 0.
21 0 53.000000 0. 0. 0. 0.
22 0 53.000000 0. 0. 0. 0.
23 0 53.000000 0. 0. 0. 0.
24 0 53.000000 0. 0. 0. 0.
25 0 53.000000 0. 0. 0. 0.
26 0 53.000000 0. 0. 0. 0.
27 0 53.000000 0. 0. 0. 0.
28 0 53.000000 0. 0. 0. 0.
29 0 53.000000 0. 0. 0. 0.
0 1 54.000000 0.027445 0.330949 0.001206 0.999342
1 1 54.000000 0.027445 0.330949 0.001206 0.999342
2 1 54.000000 0.475766 0.000000 0.001946 0.998841
3 1 54.000000 0.730949 0.462044 0.003476 0.997804
4 0 54.000000 0. 0. 0. 0.
5 0 54.000000 0. 0. 0. 0.
6 0 54.000000 0. 0. 0. 0.
7 0 54.000000 0. 0. 0. 0.
8 0 54.000000 0. 0. 0. 0.
9 1 54.000000 0.027445 0.330949 0.001206 0.999342
10 0 54.000000 0. 0. 0. 0.
11 0 54.000000 0. 0. 0. 0.
12 0 54.000000 0. 0. 0. 0.
13 0 54.000000 0. 0. 0. 0.
14 0 54.000000 0. 0. 0. 0.
15 0 54.000000 0. 0. 0. 0.
16 0 54.000000 0. 0. 0. 0.
17 0 54.000000 0. 0. 0. 0.
18 0 54.000000 0. 0. 0. 0.
19 0 54.000000 0. 0. 0. 0.
20 0 54.000000 0. 0. 0. 0.
21 0 54.000000 0. 0. 0. 0.
22 0 54.000000 0. 0. 0. 0.
23 0 54.000000 0. 0. 0. 0.
24 0 54.000000 0. 0. 0. 0.
25 0 54.000000 0. 0. 0. 0.
26 0 54.000000 0. 0. 0. 0.
27 0 54.000000 0. 0. 0. 0.
28 0 54.000000 0. 0. 0. 0.
29 0 54.000000 0. 0. 0. 0.
0 1 55.000000 0.027445 0.330949 0.001166 0.999369
1 1 55.000000 0.027445 0.330949 0.001166 0.999369
2 1 55.000000 0.475766 0.000000 0.001891 0.998878
3 1 55.000000 0.730949 0.462044 0.003395 0.997859
4 0 55.000000 0. 0. 0. 0.
5 0 55.000000 0. 0. 0. 0.
6 0 55.000000 0. 0. 0. 0.
7 0 55.000000 0. 0. 0. 0.
8 0 55.000000 0. 0. 0. 0.
9 1 55.000000 0.027445 0.330949 0.001166 0.999369
10 0 55.000000 0. 0. 0. 0.
11 0 55.000000 0. 0. 0. 0.
12 0 55.000000 0. 0. 0. 0.
13 0 55.000000 0. 0. 0. 0.
14 0 55.000000 0. 0. 0. 0.
15 0 55.000000 0. 0. 0. 0.
16 0 55.000000 0. 0. 0. 0.
17 0 55.000000 0. 0. 0. 0.
18 0 55.000000 0. 0. 0. 0.
19 0 55.000000 0. 0. 0. 0.
20 0 55.000000 0. 0. 0. 0.
21 0 55.000000 0. 0. 0. 0.
22 0 55.000000 0. 0. 0. 0.
23 0 55.000000 0. 0. 0. 0.
24 0 55.000000 0. 0. 0. 0.
25 0 55.000000 0. 0. 0. 0.
26 0 55.000000 0. 0. 0. 0.
27 0 55.000000 0. 0. 0. 0.
28 0 55.000000 0. 0. 0. 0.
29 0 55.000000 0. 0. 0. 0.
0 1 56.000000 0.027445 0.330949 0.001128 0.999395
1 1 56.000000 0.027445 0.330949 0.001128 0.999395
2 1 56.000000 0.475766 0.000000 0.001837 0.998914
3 1 56.000000 0.730949 0.462044 0.003315 0.997913
4 0 56.000000 0. 0. 0. 0.
5 0 56.000000 0. 0. 0. 0.
6 0 56.000000 0. 0. 0. 0.
7 0 56.000000 0. 0. 0. 0.
8 0 56.000000 0. 0. 0. 0.
9 1 56.000000 0.027445 0.330949 0.001128 0.999395
10 0 56.000000 0. 0. 0. 0.
11 0 56.000000 0. 0. 0. 0.
12 0 56.000000 0. 0. 0. 0.
13 0 56.000000 0. 0. 0. 0.
14 0 56.000000 0. 0. 0. 0.
15 0 56.000000 0. 0. 0. 0.
16 0 56.000000 0. 0. 0. 0.
17 0 56.000000 0. 0. 0. 0.
18 0 56.000000 0. 0. 0. 0.
19 0 56.000000 0. 0. 0. 0.
20 0 56.000000 0. 0. 0. 0.
21 0 56.000000 0. 0. 0. 0.
22 0 56.000000 0. 0. 0. 0.
23 0 56.000000 0. 0. 0. 0.
24 0 56.000000 0. 0. 0. 0.
25 0 56.000000 0. 0. 0. 0.
26 0 56.000000 0. 0. 0. 0.
27 0 56.000000 0. 0. 0. 0.
28 0 56.000000 0. 0. 0. 0.
29 0 56.000000 0. 0. 0. 0.
0 1 57.000000 0.027445 0.330949 0.001091 0.999420
1 1 57.000000 0.027445 0.330949 0.001091 0.999420
2 1 57.000000 0.475766 0.000000 0.001785 0.998950
3 1 57.000000 0.730949 0.462044 0.003237 0.997966
4 0 57.000000 0. 0. 0. 0.
5 0 57.000000 0. 0. 0. 0.
6 0 57.000000 0. 0. 0. 0.
7 0 57.000000 0. 0. 0. 0.
8 0 57.000000 0. 0. 0. 0.
9 1 57.000000 0.027445 0.330949 0.001091 0.999420
10 0 57.000000 0. 0. 0. 0.
11 0 57.000000 0. 0. 0. 0.
12 0 57.000000 0. 0. 0. 0.
13 0 57.000000 0. 0. 0. 0.
14 0 57.000000 0. 0. 0. 0.
15 0 57.000000 0. 0. 0. 0.
16 0 57.000000 0. 0. 0. 0.
17 0 57.000000 0. 0. 0. 0.
18 0 57.000000 0. 0. 0. 0.
19 0 57.000000 0. 0. 0. 0.
20 0 57.000000 0. 0. 0. 0.
21 0 57.000000 0. 0. 0. 0.
22 0 57.000000 0. 0. 0. 0.
23 0 57.000000 0. 0. 0. 0.
24 0 57.000000 0. 0. 0. 0.
25 0 57.000000 0. 0. 0. 0.
26 0 57.000000 0. 0. 0. 0.
27 0 57.000000 0. 0. 0. 0.
28 0 57.000000 0. 0. 0. 0.
29 0 57.000000 0. 0. 0. 0.
0 1 58.000000 0.027445 0.330949 0.001055 0.999444
1 1 58.000000 0.027445 0.330949 0.001055 0.999444
2 1 58.000000 0.475766 0.000000 0.001733 0.998985
3 1 58.000000 0.730949 0.462044 0.003160 0.998019
4 0 58.000000 0. 0. 0. 0.
5 0 58.000000 0. 0. 0. 0.
6 0 58.000000 0. 0. 0. 0.
7 0 58.000000 0. 0. 0. 0.
8 0 58.000000 0. 0. 0. 0.
9 1 58.000000 0.027445 0.330949 0.001055 0.999444
10 0 58.000000 0. 0. 0. 0.
11 0 58.000000 0. 0. 0. 0.
12 0 58.000000 0. 0. 0. 0.
13 0 58.000000 0. 0. 0. 0.
14 0 58.000000 0. 0. 0. 0.
15 0 58.000000 0. 0. 0. 0.
16 0 58.000000 0. 0. 0. 0.
17 0 58.000000 0. 0. 0. 0.
18 0 58.000000 0. 0. 0. 0.
19 0 58.000000 0. 0. 0. 0.
20 0 58.000000 0. 0. 0. 0.
21 0 58.000000 0. 0. 0. 0.
22 0 58.000000 0. 0. 0. 0.
23 0 58.000000 0. 0. 0. 0.
24 0 58.000000 0. 0. 0. 0.
25 0 58.000000 0. 0. 0. 0.
26 0 58.000000 0. 0. 0. 0.
27 0 58.000000 0. 0. 0. 0.
28 0 58.000000 0. 0. 0. 0.
29 0 58.000000 0. 0. 0. 0.
0 1 59.000000 0.027445 0.330949 0.001021 0.999467
1 1 59.000000 0.027445 0.330949 0.001021 0.999467
2 1 59.000000 0.475766 0.000000 0.001683 0.999019
3 1 59.000000 0.730949 0.462044 0.003084 0.998070
4 0 59.000000 0. 0. 0. 0.
5 0 59.000000 0. 0. 0. 0.
6 0 59.000000 0. 0. 0. 0.
7 0 59.000000 0. 0. 0. 0.
8 0 59.000000 0. 0. 0. 0.
9 1 59.000000 0.027445 0.330949 0.001021 0.999467
10 0 59.000000 0. 0. 0. 0.
11 0 59.000000 0. 0. 0. 0.
12 0 59.000000 0. 0. 0. 0.
13 0 59.000000 0. 0. 0. 0.
14 0 59.000000 0. 0. 0. 0.
15 0 59.000000 0. 0. 0. 0.
16 0 59.000000 0. 0. 0. 0.
17 0 59.000000 0. 0. 0. 0.
18 0 59.000000 0. 0. 0. 0.
19 0 59.000000 0. 0. 0. 0.
20 0 59.000000 0. 0. 0. 0.
21 0 59.000000 0. 0. 0. 0.
22 0 59.000000 0. 0. 0. 0.
23 0 59.000000 0. 0. 0. 0.
24 0 59.000000 0. 0. 0. 0.
25 0 59.000000 0. 0. 0. 0.
26 0 59.000000 0. 0. 0. 0.
27 0 59.000000 0. 0. 0. 0.
28 0 59.000000 0. 0. 0. 0.
29 0 59.000000 0. 0. 0. 0.
0 1 60.000000 0.027445 0.330949 0.000987 0.999490
1 1 60.000000 0.027445 0.330949 0.000987 0.999490
2 1 60.000000 0.475766 0.000000 0.001635 0.999051
3 1 60.000000 0.730949 0.462044 0.003010 0.998120
4 0 60.000000 0. 0. 0. 0.
5 0 60.000000 0. 0. 0. 0.
6 0 60.000000 0. 0. 0. 0.
7 0 60.000000 0. 0. 0. 0.
8 0 60.000000 0. 0. 0. 0.
9 1 60.000000 0.027445 0.330949 0.000987 0.999490
10 0 60.000000 0. 0. 0. 0.
11 0 60.000000 0. 0. 0. 0.
12 0 60.000000 0. 0. 0. 0.
13 0 60.000000 0. 0. 0. 0.
14 0 60.000000 0. 0. 0. 0.
15 0 60.000000 0. 0. 0. 0.
16 0 60.000000 0. 0. 0. 0.
17 0 60.000000 0. 0. 0. 0.
18 0 60.000000 0. 0. 0. 0.
19 0 60.000000 0. 0. 0. 0.
20 0 60.000000 0. 0. 0. 0.
21 0 60.000000 0. 0. 0. 0.
22 0 60.000000 0. 0. 0. 0.
23 0 60.000000 0. 0. 0. 0.
24 0 60.000000 0. 0. 0. 0.
25 0 60.000000 0. 0. 0. 0.
26 0 60.000000 0. 0. 0. 0.
27 0 60.000000 0. 0. 0. 0.
28 0 60.000000 0. 0. 0. 0.
29 0 60.000000 0. 0. 0. 0.
